1 960108 1 2 0 0 1
1 1490116 1 3 0 0 1
1 857604 1 1 9 9 1
1 2123270 1 7 9 9 1
1 1725886 1 5 9 9 1
1 1669721 1 4 9 9 1
1 1769821 1 6 13 13 1
1 3079565 1 8 18 18 1
1 3702067 1 10 18 22 1
1 3580596 1 9 18 34 1
1 4529872 1 11 22 34 1
1 4838850 1 12 34 41 1
1 6323136 1 13 41 43 1
1 6359262 1 14 43 46 1
1 7058547 1 17 46 48 1
1 6790992 1 16 46 48 1
1 8813966 1 27 49 50 1
1 7306065 1 18 49 50 1
1 7536599 1 19 50 58 1
1 7765061 1 21 49 56 1
1 7908491 1 22 56 57 1
1 7708666 1 20 57 58 1
1 8411725 1 25 58 61 1
1 8382713 1 24 58 61 1
1 8359803 1 23 60 61 1
1 8628409 1 26 65 65 1
1 6719654 1 15 65 69 1
1 9145964 1 30 69 72 1
1 8969480 1 28 69 74 1
1 9094408 1 29 70 75 1
1 9341343 1 31 72 75 1
1 10281934 1 33 75 83 1
1 12063813 1 37 83 85 1
1 10017917 1 32 75 85 1
1 11227247 1 35 85 89 1
1 10711888 1 34 89 93 1
1 11560579 1 36 93 98 1
1 12454768 1 38 93 101 1
1 13461266 1 40 89 106 1
1 12546603 1 39 98 101 1
1 14508534 1 42 105 106 1
1 14278794 1 41 105 106 1
1 15316434 1 43 106 111 1
1 15765440 1 45 111 118 1
1 15371083 1 44 106 118 1
1 16012085 1 46 111 118 1
1 16786147 1 48 118 121 1
1 16460677 1 47 115 121 1
1 17483747 1 49 121 123 1
1 17919483 1 52 123 126 1
1 17642404 1 51 121 126 1
1 19320697 1 54 130 133 1
1 20624000 1 57 123 133 1
1 19519892 1 55 130 133 1
1 19248337 1 53 130 133 1
1 22053918 1 62 133 138 1
1 20006942 1 56 133 138 1
1 20781587 1 58 133 144 1
1 20802551 1 59 137 144 1
1 21028647 1 60 144 144 1
1 21644230 1 61 144 147 1
1 24540913 1 65 147 159 1
1 24107239 1 63 159 167 1
1 24493191 1 64 159 167 1
1 25100574 1 67 167 176 1
1 24928100 1 66 167 176 1
1 26399444 1 68 176 186 1
1 27608308 1 69 186 197 1
1 27746703 1 70 186 201 1
1 28208575 1 72 201 203 1
1 28139617 1 71 201 203 1
1 28789178 1 73 207 209 1
1 28814791 1 74 207 209 1
1 28915518 1 75 207 209 1
1 29285705 1 76 209 215 1
1 29750167 1 77 209 215 1
1 29867842 1 78 215 218 1
1 32692290 1 81 222 222 1
1 32707210 1 82 220 222 1
1 31619494 1 79 222 222 1
1 32179853 1 80 222 222 1
2 32469265 2 193 0 0 1
2 32533813 2 194 0 2 1
2 31855596 2 189 0 2 1
2 31267355 2 186 0 7 1
2 32704001 2 195 3 7 1
2 30598075 2 183 0 7 1
2 32213163 2 191 0 0 1
2 32364635 2 192 0 7 1
2 32073359 2 190 0 11 1
2 29725934 2 180 5 9 1
2 29774767 2 181 5 13 1
2 28351387 2 177 9 9 1
2 28777071 2 178 10 10 1
2 31401716 2 187 10 11 1
2 29053980 2 179 11 13 1
2 26756893 2 172 13 21 1
2 30166420 2 182 21 26 1
2 30666741 2 184 0 11 1
2 27092494 2 175 26 27 1
2 28158004 2 176 27 37 1
2 31181840 2 185 37 38 2
2 24783893 2 164 42 76 1
2 26567389 2 171 27 40 1
2 16823378 2 135 37 40 2
2 9618690 2 113 40 42 2
2 26985911 2 174 42 49 1
2 26803745 2 173 42 49 1
2 26305644 2 170 47 49 1
2 25231944 2 168 55 86 1
2 25116882 2 165 55 72 1
2 23253693 2 160 42 42 2
2 26197863 2 169 58 65 1
2 25165264 2 166 65 69 1
2 24129621 2 163 69 75 1
2 25190493 2 167 65 72 1
2 23690837 2 162 72 75 1
2 23507725 2 161 75 76 1
2 22811789 2 159 76 86 1
2 22182029 2 157 86 89 1
2 21513487 2 156 89 96 1
2 22571260 2 158 96 98 1
2 20635090 2 154 98 110 1
2 20613019 2 153 98 102 1
2 19813085 2 148 98 102 1
2 20129424 2 150 110 110 1
2 20223771 2 151 110 110 1
2 20444627 2 152 110 112 1
2 20784692 2 155 98 102 1
2 19471622 2 145 112 112 1
2 18281057 2 140 112 118 1
2 19747309 2 147 112 115 1
2 20055371 2 149 89 89 1
2 18254731 2 139 116 118 1
2 18796642 2 142 116 129 1
2 18303897 2 141 116 118 1
2 16837901 2 136 121 130 1
2 17806390 2 138 116 126 1
2 16585136 2 133 121 129 1
2 19191007 2 143 121 126 1
2 16533821 2 132 121 130 1
2 16782882 2 134 121 129 1
2 16398597 2 131 122 128 1
2 14991257 2 129 126 128 1
2 14564960 2 128 128 129 1
2 17275622 2 137 129 130 1
2 14431555 2 127 130 133 1
2 19216833 2 144 133 137 1
2 12804850 2 124 137 150 1
2 13183001 2 125 137 150 1
2 12687180 2 123 137 150 1
2 13613521 2 126 150 152 1
2 11979129 2 121 152 163 1
2 11437219 2 120 152 155 1
2 9700725 2 114 155 163 1
2 10825815 2 118 155 163 1
2 11313452 2 119 160 163 1
2 10092062 2 117 163 165 1
2 9764763 2 116 163 169 1
2 9164927 2 112 169 170 1
2 9714553 2 115 170 176 1
2 7496863 2 110 176 189 1
2 8368909 2 111 176 184 1
2 7437619 2 109 184 189 1
2 6882830 2 108 189 194 1
2 6323620 2 106 194 197 1
2 6507264 2 107 197 198 1
2 5854899 2 104 198 204 1
2 6109175 2 105 198 204 1
2 5276473 2 100 204 210 1
2 5469920 2 103 201 210 1
2 5439929 2 102 210 214 1
2 5361761 2 101 214 216 1
2 5184754 2 99 216 218 1
2 3519183 2 98 218 221 1
2 2240054 2 94 221 224 1
2 1902597 2 91 222 224 1
2 2695156 2 96 221 224 1
2 3477040 2 97 224 227 1
2 797817 2 87 227 231 1
2 2106037 2 93 210 221 1
2 892607 2 89 230 232 1
2 685977 2 86 232 236 1
2 2015697 2 92 236 242 1
2 1874039 2 90 236 244 1
2 309506 2 84 244 244 1
2 17994 2 83 244 247 1
2 879400 2 88 247 251 1
6 14395165 3 403 0 0 1
6 12669456 3 396 0 4 1
6 14708637 3 405 4 4 1
6 13123546 3 398 15 16 1
6 13195766 3 399 15 21 1
6 14685476 3 404 21 26 1
6 12902375 3 397 4 4 1
6 12122531 3 395 22 29 1
6 13258325 3 400 4 4 1
6 11991422 3 393 22 35 1
6 13658413 3 401 4 4 1
6 12010783 3 394 28 35 1
6 13700541 3 402 0 0 1
6 11555771 3 392 35 37 1
6 11146928 3 391 37 40 1
6 10806324 3 390 40 45 1
6 7923249 3 385 45 52 1
6 10496243 3 389 52 54 1
6 10168825 3 388 54 61 1
6 7109105 3 381 61 68 1
6 7897309 3 384 68 70 1
6 7218202 3 382 70 74 1
6 6543017 3 380 74 76 1
6 7414898 3 383 76 78 1
6 6439830 3 379 74 78 1
6 9048876 3 387 70 76 1
6 5742336 3 377 85 85 1
6 5379838 3 376 85 86 1
6 5900225 3 378 140 140 2
6 4977745 3 375 88 95 1
6 4497484 3 374 95 100 1
6 4202654 3 373 100 109 1
6 3845762 3 371 100 109 1
6 2148493 3 366 112 112 1
6 3435170 3 370 112 113 1
6 926794 3 363 113 117 1
6 2543655 3 368 113 116 1
6 2322762 3 367 117 117 1
6 500841 3 361 117 125 1
6 3370752 3 369 112 113 1
6 758224 3 362 140 146 1
6 1807013 3 365 132 132 1
6 3876197 3 372 132 133 2
6 182576 3 360 133 153 1
6 1639004 3 364 140 146 1
6 8001089 3 386 146 153 2
15 10904675 4 800 0 0 1
15 11728775 4 801 0 3 1
15 10555772 4 798 0 8 1
15 10873762 4 799 0 8 1
15 10191570 4 796 3 9 1
15 10289525 4 797 8 9 1
15 9997644 4 795 8 9 1
15 9556513 4 794 9 11 1
15 12000612 4 802 9 11 1
15 8631511 4 789 10 11 1
15 8767829 4 790 12 12 1
15 8893977 4 793 12 15 1
15 8798482 4 791 12 14 1
15 8809318 4 792 14 15 1
15 8572884 4 788 15 18 1
15 8303498 4 787 18 21 1
15 7606871 4 785 21 22 1
15 7942961 4 786 22 25 1
15 7235532 4 784 25 27 1
15 6644000 4 780 27 29 1
15 7138193 4 783 27 31 1
15 6654052 4 781 31 32 1
15 6807927 4 782 32 37 1
15 5303821 4 778 37 60 1
15 5285372 4 777 37 58 1
15 5152291 4 776 37 58 1
15 5457846 4 779 58 60 1
15 4826337 4 774 60 65 1
15 4855545 4 775 65 69 1
15 3863054 4 771 69 73 1
15 3579655 4 770 73 79 1
15 3153058 4 767 79 81 1
15 2452294 4 765 81 84 1
15 1266816 4 760 84 88 1
15 2499325 4 766 81 87 1
15 243143 4 754 88 88 1
15 498850 4 755 88 88 1
15 232711 4 753 88 88 1
15 908637 4 757 88 89 1
15 1986876 4 764 89 89 1
15 1386480 4 761 89 89 1
15 4480980 4 773 95 95 1
15 932927 4 758 99 99 1
15 993241 4 759 99 99 1
15 1968854 4 763 99 100 1
15 3219570 4 768 105 105 2
15 4050619 4 772 105 112 2
15 1900063 4 762 112 129 2
15 598666 4 756 121 123 2
15 3522178 4 769 123 129 2
12 11267437 5 662 0 0 2
12 9359037 5 655 0 9 2
12 6803836 5 640 9 9 2
12 12234902 5 670 22 24 1
12 9047547 5 653 22 22 1
12 9763455 5 657 27 34 1
12 9495163 5 656 27 34 1
12 11865319 5 664 35 35 1
12 12047327 5 668 35 35 1
12 11254077 5 661 24 24 1
12 12556550 5 672 24 24 1
12 12126102 5 669 36 40 1
12 11378428 5 663 36 40 1
12 12702601 5 673 24 24 1
12 11912935 5 665 36 40 1
12 11060053 5 660 36 40 1
12 12368244 5 671 36 40 1
12 11963393 5 667 36 40 1
12 11947902 5 666 36 40 1
12 10487153 5 658 40 44 1
12 8817304 5 651 44 49 1
12 8575281 5 650 49 52 1
12 8829367 5 652 52 53 1
12 7765715 5 645 53 55 1
12 7787431 5 646 55 56 1
12 7831910 5 647 56 61 1
12 7845533 5 648 56 59 1
12 6930816 5 641 9 9 1
12 7626505 5 644 61 61 1
12 7262125 5 643 62 62 1
12 7996811 5 649 62 67 1
12 6971888 5 642 62 67 1
12 5845747 5 639 92 92 1
12 9176233 5 654 67 86 1
12 5531930 5 638 86 89 1
12 4073262 5 631 89 92 1
12 4338387 5 633 92 98 1
12 4537720 5 634 98 101 1
12 5517455 5 637 101 105 1
12 4961436 5 636 105 109 1
12 4923410 5 635 105 109 1
12 4114481 5 632 109 115 1
12 3212177 5 630 115 118 1
12 1736598 5 627 118 126 1
12 2383174 5 629 123 130 1
12 27118 5 626 118 130 1
12 2114494 5 628 130 136 1
21 99872 6 1024 0 0 1
21 3137435 6 1040 0 2 2
21 203548 6 1025 2 8 1
21 3287243 6 1043 2 2 2
21 6424035 6 1054 18 20 2
21 3174252 6 1041 18 20 2
21 3990056 6 1045 18 20 2
21 6962016 6 1059 27 27 2
21 2227590 6 1036 27 33 1
21 546963 6 1026 33 41 1
21 669090 6 1027 33 41 1
21 963060 6 1030 33 35 1
21 949071 6 1029 37 37 1
21 1110932 6 1031 37 41 1
21 2917112 6 1039 41 42 1
21 810747 6 1028 33 46 1
21 1724722 6 1033 37 42 1
21 1587298 6 1032 46 46 1
21 2718346 6 1037 46 48 1
21 3276583 6 1042 48 51 1
21 2733029 6 1038 48 51 1
21 3920231 6 1044 51 55 1
21 4912046 6 1048 55 59 1
21 4390667 6 1047 59 61 1
21 1739383 6 1034 61 64 1
21 5214703 6 1050 64 75 1
21 5195895 6 1049 75 78 1
21 5445416 6 1051 78 85 1
21 5960124 6 1052 85 87 1
21 6491757 6 1055 87 90 1
21 6618927 6 1057 90 93 1
21 6887388 6 1058 87 99 1
21 6132377 6 1053 93 94 1
21 6507179 6 1056 94 99 1
21 7129647 6 1060 99 106 1
21 8259339 6 1061 106 117 1
21 8862840 6 1063 117 121 1
21 8944266 6 1064 117 124 1
21 8522830 6 1062 117 121 1
21 9109594 6 1065 124 124 1
21 10537387 6 1071 124 126 1
21 10390801 6 1070 124 126 1
21 10110211 6 1069 134 134 1
21 10682661 6 1072 124 126 1
21 9912403 6 1067 141 144 1
21 9972054 6 1068 141 141 1
21 4104638 6 1046 141 144 2
21 2198953 6 1035 144 144 2
21 9413237 6 1066 144 154 1
7 1039393 7 409 0 0 1
7 709955 7 407 0 10 1
7 764727 7 408 0 10 1
7 1563537 7 410 0 10 1
7 2200640 7 414 12 20 1
7 2269932 7 415 12 12 1
7 2021696 7 412 12 12 1
7 1912596 7 411 14 20 1
7 2836636 7 417 14 16 1
7 2118114 7 413 14 16 1
7 428273 7 406 10 10 1
7 2850491 7 418 15 20 1
7 2676732 7 416 15 20 1
7 3967418 7 419 20 23 1
7 4307192 7 420 23 44 1
7 4504065 7 421 23 38 1
7 5528716 7 423 44 45 1
7 5223766 7 422 44 45 1
7 6037814 7 424 45 48 1
7 6242841 7 425 48 51 1
7 7169153 7 428 51 66 1
7 6685495 7 427 51 66 1
7 7744946 7 430 66 66 1
7 7457770 7 429 66 68 1
7 9067417 7 435 68 77 1
7 8028974 7 431 77 83 1
7 8365275 7 432 83 86 1
7 8681909 7 434 86 87 1
7 8648443 7 433 87 88 1
7 9827766 7 437 88 89 1
7 10003694 7 438 89 91 1
7 10079867 7 439 91 95 1
7 9488748 7 436 87 97 1
7 12530305 7 445 97 98 1
7 11944889 7 444 98 99 1
7 10748795 7 440 98 99 1
7 11439418 7 442 98 99 1
7 13574080 7 448 102 102 1
7 13183392 7 447 102 102 1
7 13012938 7 446 100 100 1
7 11235166 7 441 102 102 1
7 11676813 7 443 115 115 1
7 6473064 7 426 115 121 2
7 14159619 7 450 121 125 1
16 602596 8 804 0 0 1
16 1779724 8 809 0 0 1
16 1248561 8 807 0 9 1
16 783355 8 805 5 9 1
16 1674853 8 808 5 5 1
16 11169352 8 847 0 144 1
16 303503 8 803 9 9 1
16 2283804 8 810 10 10 1
16 2984987 8 812 10 15 1
16 3253664 8 814 14 15 1
16 3050744 8 813 15 16 1
16 4510312 8 816 16 21 1
16 2725164 8 811 21 36 1
16 4639876 8 817 36 49 1
16 4685826 8 818 49 54 1
16 4799554 8 819 54 61 1
16 4364739 8 815 54 64 1
16 5231416 8 820 64 65 1
16 7615724 8 830 65 80 1
16 6857911 8 824 80 89 1
16 6517404 8 821 89 99 1
16 6820524 8 823 99 101 1
16 7067990 8 827 101 105 1
16 6974424 8 826 101 105 1
16 6934934 8 825 104 105 1
16 7402378 8 828 109 109 1
16 7680395 8 831 109 113 1
16 6684180 8 822 109 115 1
16 7506729 8 829 111 115 1
16 7960947 8 832 115 116 1
16 7971927 8 833 65 65 1
16 9381144 8 835 121 123 1
16 9546561 8 836 123 125 1
16 9630738 8 837 125 130 1
16 9862537 8 838 130 131 1
16 10637584 8 842 131 135 1
16 10706214 8 843 135 136 1
16 10191826 8 839 142 142 1
16 10291575 8 841 137 139 1
16 10813462 8 844 131 139 1
16 10247185 8 840 137 139 1
16 11132071 8 846 137 139 1
16 11041688 8 845 139 139 1
16 11474261 8 849 142 144 1
16 11782286 8 850 142 142 1
16 11220888 8 848 144 144 1
17 7268596 9 880 0 0 2
17 9762893 9 888 0 10 2
17 11150345 9 892 10 10 1
17 11880048 9 894 10 10 1
17 9581614 9 887 10 10 1
17 12290415 9 896 19 21 1
17 10364405 9 890 19 24 1
17 12099691 9 895 19 24 1
17 12319278 9 897 19 21 1
17 10211811 9 889 10 10 1
17 9372552 9 886 10 10 1
17 11464913 9 893 24 24 1
17 8890406 9 885 24 27 1
17 8675713 9 884 27 33 1
17 10895067 9 891 33 40 1
17 7983618 9 882 40 48 1
17 7292733 9 881 48 53 1
17 8114148 9 883 40 53 1
17 6458357 9 878 53 58 1
17 6582245 9 879 58 61 1
17 5289078 9 874 61 70 1
17 4798132 9 872 61 71 1
17 5879759 9 877 67 71 1
17 5331547 9 875 71 75 1
17 5146424 9 873 71 75 1
17 5778459 9 876 75 84 1
17 4059484 9 869 84 88 1
17 4151795 9 870 84 90 1
17 4429174 9 871 90 91 1
17 3549593 9 865 91 97 1
17 3644398 9 866 91 97 1
17 3856441 9 867 97 98 1
17 2723273 9 863 121 121 1
17 1185273 9 856 98 111 1
17 1313632 9 857 106 109 1
17 2514842 9 862 106 109 1
17 1157177 9 855 110 111 1
17 2747537 9 864 106 111 1
17 1964849 9 859 111 111 1
17 777841 9 854 106 111 1
17 2178547 9 860 115 116 1
17 2216824 9 861 115 116 1
17 513856 9 853 121 121 1
17 1370709 9 858 121 131 1
17 3955596 9 868 131 137 2
10 1849939 10 539 0 0 1
10 1907139 10 540 0 5 1
10 1496959 10 538 0 14 1
10 2594495 10 546 5 19 1
10 2131552 10 543 5 20 1
10 2935663 10 548 9 19 1
10 1305491 10 537 5 22 1
10 2277980 10 544 19 19 1
10 2121268 10 542 20 22 1
10 1933833 10 541 20 20 1
10 2791318 10 547 0 5 1
10 2418387 10 545 22 23 1
10 4198222 10 551 23 28 1
10 4449242 10 552 28 35 1
10 4700331 10 553 35 37 1
10 5054369 10 555 37 43 1
10 4739072 10 554 43 44 1
10 5741844 10 556 44 48 1
10 6076496 10 558 48 50 1
10 7244062 10 562 50 53 1
10 5831840 10 557 53 54 1
10 6847559 10 560 54 55 1
10 6570344 10 559 55 63 1
10 7000545 10 561 63 67 1
10 8178570 10 570 67 69 1
10 7316701 10 563 69 81 1
10 7933835 10 567 69 74 1
10 7754839 10 565 74 78 1
10 7514530 10 564 78 81 1
10 8133983 10 569 78 82 1
10 8759789 10 571 82 84 1
10 8969780 10 572 84 88 1
10 9230156 10 573 84 88 1
10 7846134 10 566 88 91 1
10 11834336 10 580 91 102 1
10 10603129 10 575 91 100 1
10 11701623 10 579 101 102 1
10 11331761 10 577 101 102 1
10 12343803 10 582 102 104 1
10 12476746 10 583 104 105 1
10 11407174 10 578 112 112 1
10 10240048 10 574 112 112 1
10 12010520 10 581 112 119 1
10 10911277 10 576 119 125 1
23 5394702 11 1128 0 0 2
23 5577910 11 1129 0 1 2
23 10073088 11 1149 1 1 2
23 3288886 11 1113 1 1 2
23 7753350 11 1139 1 1 2
23 6927515 11 1135 17 17 2
23 4611212 11 1122 17 29 1
23 5860297 11 1132 1 1 2
23 2103447 11 1108 31 34 1
23 9697948 11 1147 1 1 2
23 2965669 11 1110 35 44 1
23 3396885 11 1115 44 79 1
23 3652023 11 1117 44 61 1
23 2066440 11 1107 77 77 1
23 2387733 11 1109 77 77 1
23 3812310 11 1118 78 79 1
23 4259907 11 1119 44 44 1
23 3205009 11 1112 78 79 1
23 3363531 11 1114 81 81 1
23 3486185 11 1116 81 81 1
23 3179859 11 1111 91 91 1
23 4500471 11 1121 91 99 1
23 4489630 11 1120 91 99 1
23 8384515 11 1140 99 101 1
23 4781139 11 1123 101 103 1
23 5008974 11 1125 103 106 1
23 4950679 11 1124 106 111 1
23 5123594 11 1126 111 112 1
23 5755526 11 1131 112 118 1
23 5308036 11 1127 112 118 1
23 6008370 11 1133 118 122 1
23 8786851 11 1143 122 144 1
23 5606057 11 1130 122 134 1
23 6585364 11 1134 136 136 1
23 7317442 11 1136 136 138 1
23 8456018 11 1142 138 143 1
23 10185760 11 1150 138 143 1
23 9320770 11 1146 138 143 1
23 10478656 11 1151 141 143 1
23 9266459 11 1145 144 144 1
23 9045537 11 1144 144 155 1
23 8441649 11 1141 154 155 1
23 7439894 11 1137 155 158 1
30 305164 12 1347 0 0 1
30 1441730 12 1358 0 1 1
30 594066 12 1351 1 8 1
30 2116752 12 1361 8 9 1
30 709082 12 1353 1 31 1
30 379393 12 1348 9 12 1
30 428330 12 1350 1 31 1
30 1188655 12 1357 21 21 1
30 941870 12 1355 25 27 1
30 1066580 12 1356 25 27 1
30 2331442 12 1363 21 27 1
30 894958 12 1354 25 29 1
30 650839 12 1352 27 29 1
30 1657383 12 1359 30 30 1
30 1720370 12 1360 30 31 1
30 2155874 12 1362 31 33 1
30 3095448 12 1366 33 36 1
30 2537073 12 1364 36 40 1
30 2614994 12 1365 40 44 1
30 3761766 12 1368 44 53 1
30 3856214 12 1369 53 55 1
30 3721854 12 1367 53 55 1
30 3945073 12 1370 60 60 1
30 4380092 12 1373 60 61 1
30 4680106 12 1375 61 63 1
30 4639515 12 1374 63 72 1
30 4301505 12 1371 61 71 1
30 4322374 12 1372 61 72 1
30 4845249 12 1376 71 72 1
30 5057374 12 1378 72 81 1
30 4912489 12 1377 81 82 1
30 5619905 12 1379 82 92 1
30 6924907 12 1382 92 99 1
30 6582971 12 1381 99 102 1
30 8080891 12 1384 102 112 1
30 8386052 12 1386 102 112 1
30 8895057 12 1388 102 124 1
30 8140986 12 1385 112 115 1
30 8971200 12 1389 115 124 1
30 7349110 12 1383 124 135 1
30 8815501 12 1387 133 135 1
8 13664672 13 496 0 0 1
8 13944395 13 498 0 3 1
8 13722133 13 497 3 3 1
8 12636322 13 492 3 12 1
8 13450404 13 495 12 13 1
8 13192603 13 494 10 14 1
8 12130515 13 491 13 25 1
8 11495803 13 490 14 20 1
8 13112794 13 493 12 25 1
8 11333600 13 489 21 21 1
8 10607113 13 488 25 25 1
8 10074649 13 485 25 26 1
8 10455438 13 487 26 30 1
8 10170651 13 486 30 40 1
8 5910871 13 467 30 40 1
8 9727581 13 484 40 46 1
8 8815619 13 482 46 54 1
8 943657 13 453 54 55 1
8 9520929 13 483 55 56 1
8 8457897 13 480 56 60 1
8 6314142 13 471 60 62 1
8 5923991 13 468 60 62 1
8 8497879 13 481 56 62 1
8 6820969 13 474 56 62 1
8 8108346 13 479 63 63 1
8 6971511 13 475 63 69 1
8 7638287 13 477 63 67 1
8 7452971 13 476 67 68 1
8 7885327 13 478 67 68 1
8 6456703 13 472 63 67 1
8 6119526 13 470 69 73 1
8 295758 13 452 73 83 1
8 129641 13 451 69 83 1
8 1001891 13 454 83 84 1
8 2124056 13 455 84 95 1
8 2412205 13 456 95 101 1
8 2535569 13 457 101 108 1
8 4197114 13 465 125 125 1
8 3687162 13 464 108 118 1
8 3371504 13 462 125 125 1
8 2971186 13 458 125 125 1
8 3603105 13 463 123 125 1
8 3152553 13 460 123 125 1
8 3208294 13 461 123 123 1
8 4386405 13 466 125 125 1
8 6057624 13 469 128 132 2
8 3098565 13 459 128 132 2
13 9769479 14 708 0 0 2
13 12301372 14 714 0 10 1
13 12573689 14 715 0 11 1
13 11925744 14 713 11 12 1
13 11702945 14 712 12 17 1
13 11361243 14 710 12 13 1
13 11559760 14 711 0 0 2
13 9679685 14 707 17 22 1
13 10523170 14 709 17 22 1
13 9372240 14 706 22 25 1
13 9105715 14 705 25 31 1
13 8668867 14 704 25 31 1
13 8104200 14 700 31 37 1
13 7989271 14 698 37 39 1
13 8039211 14 699 31 39 1
13 7441867 14 695 31 43 1
13 8433444 14 702 37 39 1
13 8299062 14 701 31 43 1
13 7839486 14 697 43 43 1
13 7720948 14 696 43 43 1
13 8587593 14 703 48 48 1
13 7210025 14 694 48 51 1
13 6893818 14 693 51 60 1
13 6318787 14 690 60 64 1
13 5864464 14 688 51 72 1
13 6805770 14 692 62 72 1
13 6338911 14 691 62 72 1
13 6165832 14 689 72 73 1
13 5239850 14 687 73 74 1
13 5043650 14 686 74 78 1
13 4589216 14 683 78 79 1
13 4426306 14 682 79 82 1
13 4766922 14 684 79 82 1
13 3688538 14 681 82 86 1
13 4869505 14 685 86 91 1
13 3316984 14 680 91 95 1
13 120941 14 674 109 109 1
13 678582 14 675 95 112 1
13 769041 14 676 109 112 1
13 946041 14 677 112 113 1
19 1662424 15 948 0 0 2
19 1687051 15 949 0 18 1
19 480224 15 946 0 12 1
19 2651129 15 952 0 15 1
19 1949884 15 950 15 16 1
19 763731 15 947 0 16 1
19 151506 15 945 18 18 1
19 2749298 15 953 18 21 1
19 2328130 15 951 18 24 1
19 3049229 15 954 19 24 1
19 3470569 15 957 0 0 2
19 3259075 15 955 28 30 1
19 3454861 15 956 30 32 1
19 4300969 15 959 32 35 1
19 3929462 15 958 35 39 1
19 5109582 15 963 39 42 1
19 4687569 15 961 42 43 1
19 4561922 15 960 42 43 1
19 5684075 15 964 46 46 1
19 5037228 15 962 46 46 1
19 7433685 15 972 57 57 1
19 6738095 15 968 57 58 1
19 6688934 15 967 58 59 1
19 6871829 15 969 59 61 1
19 7068104 15 970 61 63 1
19 6405416 15 966 63 66 1
19 7146199 15 971 66 71 1
19 7924484 15 973 71 75 1
19 8333092 15 974 75 83 1
19 8356470 15 975 83 92 1
19 8945555 15 977 83 92 1
19 10885735 15 980 93 93 1
19 11033868 15 981 93 97 1
19 8414826 15 976 97 104 1
19 6385334 15 965 104 105 1
19 11679988 15 985 105 110 1
19 9945589 15 979 110 111 1
19 11357685 15 983 111 116 1
19 11163491 15 982 116 121 1
19 11370778 15 984 121 122 1
9 8936268 16 523 0 0 2
9 7505672 16 518 0 2 2
9 10757764 16 531 2 20 1
9 10503849 16 530 2 17 1
9 12864411 16 535 19 20 1
9 12520071 16 534 2 20 1
9 11825051 16 533 0 0 1
9 11399435 16 532 2 20 1
9 9326419 16 526 27 27 1
9 9539419 16 528 27 27 1
9 9715321 16 529 28 28 1
9 8821489 16 522 28 31 1
9 13613920 16 536 27 31 1
9 9008750 16 524 28 34 1
9 9199866 16 525 28 31 1
9 8554747 16 520 32 34 1
9 8804497 16 521 32 34 1
9 7176539 16 517 34 47 1
9 7775985 16 519 47 49 1
9 6820565 16 516 49 56 1
9 6318998 16 514 56 58 1
9 6514777 16 515 56 61 1
9 6133331 16 513 61 65 1
9 5059914 16 511 65 76 1
9 4873049 16 510 76 78 1
9 4160548 16 508 78 85 1
9 4087599 16 507 85 91 1
9 4541638 16 509 78 91 1
9 3329527 16 506 91 95 1
9 2302222 16 505 95 98 1
9 567009 16 499 98 113 1
9 2212462 16 504 98 100 1
9 1897365 16 503 98 100 1
9 881127 16 500 98 100 1
9 1024768 16 501 113 113 1
9 5832885 16 512 113 124 2
9 1508742 16 502 124 131 1
11 4986869 17 601 0 0 2
11 4210294 17 598 0 7 2
11 4464504 17 599 7 7 2
11 2336974 17 590 7 7 1
11 1406053 17 589 13 18 1
11 9662225 17 616 18 19 1
11 1180990 17 587 19 29 1
11 2927734 17 592 29 30 1
11 2890370 17 591 30 40 1
11 3364387 17 594 30 40 1
11 3199294 17 593 30 41 1
11 846338 17 585 41 49 1
11 933811 17 586 41 49 1
11 1222654 17 588 41 49 1
11 3634067 17 595 49 51 1
11 3700235 17 596 49 51 1
11 3896767 17 597 60 60 1
11 4835900 17 600 60 68 1
11 5214150 17 602 60 68 1
11 6748998 17 606 68 74 1
11 5720506 17 603 74 78 1
11 6923774 17 607 78 91 1
11 7377318 17 608 91 94 1
11 7927409 17 610 94 102 1
11 7542875 17 609 94 102 1
11 8018057 17 612 102 103 1
11 8897970 17 615 103 114 1
11 8260044 17 614 103 114 1
11 10797425 17 619 114 118 1
11 12274541 17 622 118 120 1
11 11971590 17 621 118 119 1
11 12509056 17 623 118 120 1
11 10574818 17 618 120 122 1
11 12878166 17 625 125 125 1
11 10034671 17 617 122 122 1
11 12717886 17 624 125 125 1
11 7988265 17 611 131 131 2
11 11201992 17 620 131 133 1
11 8054136 17 613 133 147 2
25 9570434 18 1221 0 0 1
25 10180820 18 1224 0 2 1
25 9555646 18 1220 2 12 1
25 8846937 18 1218 2 7 1
25 9773753 18 1222 0 28 1
25 9792996 18 1223 2 7 1
25 8295668 18 1217 12 12 1
25 8182318 18 1216 124 131 2
25 7984933 18 1215 17 18 1
25 9062788 18 1219 2 18 1
25 7529097 18 1214 18 18 1
25 7380952 18 1212 23 23 1
25 7118767 18 1211 23 28 1
25 7480239 18 1213 28 31 1
25 6835531 18 1210 31 37 1
25 6648447 18 1209 37 39 1
25 6196554 18 1207 39 48 1
25 6167428 18 1206 39 48 1
25 6238069 18 1208 39 48 1
25 5236220 18 1205 48 59 1
25 5122817 18 1204 48 61 1
25 5037356 18 1203 56 61 1
25 4760004 18 1201 61 69 1
25 4212726 18 1199 61 71 1
25 4790278 18 1202 68 71 1
25 4311509 18 1200 71 75 1
25 3708523 18 1198 75 77 1
25 3261432 18 1197 77 90 1
25 723131 18 1189 90 107 1
25 1834354 18 1192 90 106 1
25 1892237 18 1193 90 106 1
25 1230399 18 1191 106 107 1
25 2870705 18 1196 107 111 1
25 749910 18 1190 117 117 1
25 2562994 18 1195 117 117 1
25 230223 18 1188 117 124 1
25 2269082 18 1194 124 131 2
35 8092876 19 1528 0 0 1
35 4699416 19 1515 0 9 1
35 8359389 19 1529 9 9 1
35 7036693 19 1526 11 17 1
35 6794619 19 1524 17 23 1
35 7891822 19 1527 23 42 1
35 5743302 19 1521 23 32 1
35 5654722 19 1519 32 42 1
35 6974603 19 1525 42 46 1
35 5583695 19 1518 46 50 1
35 5786559 19 1523 46 50 1
35 5684218 19 1520 51 51 1
35 5363538 19 1517 51 55 1
35 5754865 19 1522 55 59 1
35 4938036 19 1516 59 63 1
35 4398287 19 1513 63 71 1
35 4596792 19 1514 63 73 1
35 4112346 19 1511 67 75 1
35 4241919 19 1512 71 75 1
35 4013204 19 1510 75 77 1
35 3587255 19 1507 77 81 1
35 3637900 19 1508 81 88 1
35 3555437 19 1506 88 89 1
35 3179083 19 1504 89 96 1
35 3121555 19 1503 89 96 1
35 3043741 19 1502 89 95 1
35 3230862 19 1505 96 96 1
35 631790 19 1495 125 125 1
35 2550089 19 1500 103 104 1
35 3827647 19 1509 104 109 1
35 1288915 19 1497 109 111 1
35 789498 19 1496 109 111 1
35 2118544 19 1498 112 112 1
35 89023 19 1494 114 114 1
35 2375830 19 1499 114 124 1
35 2624634 19 1501 124 125 1
14 1799529 20 722 0 0 1
14 4334143 20 731 0 5 1
14 2607071 20 725 5 5 1
14 2313592 20 724 10 10 1
14 2743286 20 727 10 19 1
14 1279593 20 721 10 10 1
14 2184191 20 723 19 27 1
14 502243 20 717 19 43 1
14 3910162 20 728 10 27 1
14 2633268 20 726 5 5 1
14 1133329 20 720 34 43 1
14 434055 20 716 34 43 1
14 609355 20 718 34 43 1
14 1011897 20 719 34 43 1
14 4076539 20 729 43 46 1
14 5094926 20 733 46 53 1
14 5543624 20 736 43 70 1
14 4317596 20 730 46 53 1
14 5405166 20 734 55 55 1
14 5596326 20 737 55 55 1
14 4769337 20 732 59 59 1
14 5489079 20 735 59 67 1
14 5947257 20 738 67 69 1
14 6639532 20 741 69 72 1
14 6601803 20 740 70 72 1
14 6462636 20 739 72 81 1
14 7622045 20 742 81 90 1
14 8178492 20 743 90 93 1
14 8718804 20 746 93 98 1
14 8583065 20 745 98 105 1
14 10281697 20 750 117 117 1
14 9244731 20 748 105 112 1
14 8496146 20 744 117 117 1
14 9927773 20 749 117 117 1
14 11804709 20 752 127 127 1
14 8941759 20 747 127 135 1
14 10858935 20 751 135 137 1
24 4810813 21 1167 0 0 2
24 10394457 21 1187 0 4 2
24 756601 21 1153 4 4 2
24 3329844 21 1162 4 4 2
24 1416193 21 1156 4 4 2
24 1593884 21 1158 4 4 2
24 2360208 21 1160 4 4 2
24 901995 21 1154 31 40 1
24 3734506 21 1164 31 40 1
24 1077212 21 1155 58 59 1
24 1544372 21 1157 58 59 1
24 729576 21 1152 58 59 1
24 2778272 21 1161 66 66 1
24 1993422 21 1159 66 70 1
24 3960643 21 1165 70 76 1
24 5603995 21 1170 70 93 1
24 3724305 21 1163 66 77 1
24 4507023 21 1166 75 77 1
24 4912727 21 1168 77 79 1
24 5560543 21 1169 79 87 1
24 5748035 21 1171 87 91 1
24 10242766 21 1186 91 93 1
24 10018273 21 1185 93 98 1
24 9603232 21 1183 98 104 1
24 9188773 21 1181 104 107 1
24 9313227 21 1182 98 107 1
24 8926166 21 1180 108 108 1
24 8899759 21 1179 108 108 1
24 8476060 21 1178 112 112 1
24 8082117 21 1175 112 116 1
24 8317804 21 1176 112 116 1
24 6964382 21 1172 123 123 1
24 8029508 21 1174 137 137 1
24 9763595 21 1184 137 151 2
24 8445360 21 1177 147 151 2
22 8916841 22 1104 0 0 1
22 9126986 22 1105 0 7 1
22 8281326 22 1103 7 7 1
22 7507573 22 1102 14 22 1
22 6796034 22 1100 22 34 1
22 6692286 22 1099 34 37 1
22 6164422 22 1095 34 37 1
22 6628829 22 1098 37 38 1
22 6601816 22 1097 37 38 1
22 5734600 22 1092 44 49 1
22 6240264 22 1096 44 44 1
22 5865143 22 1093 45 49 1
22 6037890 22 1094 45 51 1
22 5491165 22 1091 45 61 1
22 5294631 22 1089 45 61 1
22 4635806 22 1088 49 61 1
22 5331226 22 1090 49 55 1
22 3782272 22 1087 61 61 1
22 3312175 22 1085 61 70 1
22 2979871 22 1084 66 72 1
22 2602682 22 1083 66 72 1
22 1261505 22 1075 72 83 1
22 3352201 22 1086 61 74 1
22 1573720 22 1077 74 83 1
22 1985305 22 1080 83 84 1
22 1691059 22 1078 84 85 1
22 2287027 22 1082 85 87 1
22 1032725 22 1074 96 96 1
22 1558426 22 1076 96 96 1
22 1729610 22 1079 96 96 1
22 7305855 22 1101 96 106 2
22 2172811 22 1081 106 118 2
31 7835066 23 1419 0 0 1
31 8124584 23 1420 0 12 1
31 8402297 23 1421 0 15 1
31 6336345 23 1414 10 15 1
31 6053825 23 1413 15 25 1
31 8427794 23 1422 0 28 1
31 8731218 23 1423 16 28 1
31 8768505 23 1424 16 28 1
31 6807767 23 1416 28 35 1
31 4855284 23 1409 35 39 1
31 6694687 23 1415 39 44 1
31 7132816 23 1418 44 49 1
31 7027293 23 1417 49 56 1
31 4872732 23 1410 56 72 1
31 4230709 23 1407 72 86 1
31 4474328 23 1408 72 86 1
31 3521902 23 1406 78 93 1
31 3078373 23 1403 93 96 1
31 2932040 23 1400 96 97 1
31 3373617 23 1405 97 100 1
31 3054360 23 1402 100 103 1
31 3331861 23 1404 103 109 1
31 2753155 23 1399 109 118 1
31 2352719 23 1398 109 118 1
31 2261749 23 1397 113 118 1
31 1905053 23 1396 119 119 1
31 1241452 23 1393 129 129 1
31 1270365 23 1394 119 122 1
31 1403681 23 1395 119 122 1
31 977152 23 1392 122 129 1
31 277466 23 1391 124 129 1
31 269002 23 1390 124 129 1
31 2983232 23 1401 129 138 2
28 9238193 24 1316 0 0 1
28 8310338 24 1312 0 10 1
28 6493349 24 1303 10 11 1
28 6665783 24 1304 11 20 1
28 7100513 24 1307 20 20 1
28 9078700 24 1315 23 29 1
28 5773842 24 1302 29 33 1
28 7480719 24 1308 33 46 1
28 8598026 24 1314 35 35 1
28 8138673 24 1310 45 45 1
28 8427163 24 1313 45 45 1
28 7086846 24 1306 46 46 1
28 7505573 24 1309 46 52 1
28 6983519 24 1305 52 62 1
28 5062145 24 1301 62 69 1
28 4880864 24 1300 62 81 1
28 4356138 24 1299 81 89 1
28 4020198 24 1298 89 91 1
28 3692095 24 1297 91 93 1
28 3660969 24 1295 93 94 1
28 3675759 24 1296 81 91 1
28 3340878 24 1293 97 100 1
28 2563319 24 1292 100 110 1
28 486202 24 1284 122 122 1
28 2228286 24 1289 108 111 1
28 2434136 24 1291 108 113 1
28 907542 24 1286 111 122 1
28 1437463 24 1288 111 114 1
28 1395081 24 1287 122 122 1
28 529886 24 1285 122 132 1
28 2340256 24 1290 132 137 2
41 918102 25 1650 0 0 1
41 733896 25 1649 0 8 1
41 1120335 25 1651 8 13 1
41 2568685 25 1657 13 17 1
41 2126474 25 1654 13 32 1
41 2156638 25 1655 13 18 1
41 1698004 25 1652 25 25 1
41 2635994 25 1659 25 32 1
41 2278483 25 1656 32 34 1
41 2988612 25 1662 34 38 1
41 3228900 25 1663 34 38 1
41 3403340 25 1665 0 0 2
41 2776385 25 1661 34 36 1
41 3419988 25 1666 37 38 1
41 2658312 25 1660 34 38 1
41 2591883 25 1658 38 42 1
41 3368993 25 1664 42 46 1
41 3684986 25 1668 46 55 1
41 3723893 25 1669 46 62 1
41 3650457 25 1667 55 62 1
41 4664986 25 1670 62 66 1
41 4772630 25 1671 66 75 1
41 7024661 25 1678 75 80 1
41 5036435 25 1672 80 84 1
41 7637212 25 1684 84 91 1
41 5563269 25 1673 84 92 1
41 5876349 25 1675 92 94 1
41 6440443 25 1676 94 98 1
41 6929105 25 1677 98 100 1
41 7137804 25 1679 98 100 1
41 7326709 25 1681 100 100 1
41 5729167 25 1674 110 110 2
41 7570676 25 1682 106 110 1
41 7250365 25 1680 110 117 2
20 702395 26 987 0 0 1
20 2208376 26 992 0 5 1
20 613781 26 986 0 0 1
20 2233051 26 993 5 5 1
20 1374516 26 990 5 5 1
20 2856733 26 994 11 14 1
20 3060107 26 996 14 16 1
20 1748406 26 991 16 26 1
20 1034114 26 989 26 28 1
20 3016205 26 995 28 32 1
20 3491567 26 997 28 32 1
20 3863425 26 998 32 40 1
20 4349944 26 999 32 40 1
20 5533666 26 1000 40 60 1
20 6154153 26 1001 60 65 1
20 6206350 26 1003 65 67 1
20 7946851 26 1009 67 72 1
20 6954196 26 1005 72 73 1
20 7678404 26 1008 73 77 1
20 7004180 26 1006 77 81 1
20 8381220 26 1011 81 85 1
20 7228002 26 1007 81 85 1
20 8798683 26 1013 89 89 1
20 9362047 26 1014 89 92 1
20 10676636 26 1019 92 94 1
20 10456390 26 1018 105 105 1
20 9657969 26 1016 105 105 1
20 11186653 26 1020 94 95 1
20 9467991 26 1015 96 96 1
20 10030862 26 1017 92 98 1
20 11347946 26 1021 96 98 1
20 11400801 26 1022 101 101 1
20 8349626 26 1010 105 105 1
20 11631811 26 1023 105 119 1
20 6179222 26 1002 119 126 2
27 9754189 27 1282 0 0 1
27 7395760 27 1279 0 5 1
27 8166362 27 1281 5 9 1
27 6625100 27 1278 9 9 1
27 9847337 27 1283 15 20 1
27 7799515 27 1280 20 24 1
27 6217198 27 1276 24 35 1
27 5862295 27 1275 35 42 1
27 2680383 27 1268 42 56 1
27 5731851 27 1274 56 64 1
27 2194754 27 1262 56 70 1
27 206974 27 1253 70 76 1
27 3100095 27 1269 76 79 1
27 1751398 27 1260 70 98 1
27 4427656 27 1272 78 81 1
27 1395025 27 1258 78 91 1
27 3951983 27 1271 78 81 1
27 2122522 27 1261 82 83 1
27 940584 27 1257 81 83 1
27 622291 27 1255 81 87 1
27 2581125 27 1266 83 87 1
27 687736 27 1256 83 87 1
27 2549095 27 1264 87 87 1
27 3380762 27 1270 91 98 1
27 1657685 27 1259 87 91 1
27 6606984 27 1277 98 98 1
27 2627610 27 1267 98 105 1
27 274781 27 1254 105 107 1
27 2276167 27 1263 107 121 1
27 2561340 27 1265 121 125 1
50 2069208 28 1864 0 0 1
50 1395291 28 1858 0 5 1
50 2023126 28 1863 5 5 1
50 219990 28 1855 5 5 1
50 154685 28 1853 0 0 1
50 417452 28 1856 5 5 1
50 108564 28 1852 5 5 1
50 811676 28 1857 23 23 1
50 1473766 28 1859 16 17 1
50 1581123 28 1860 16 17 1
50 1873379 28 1862 19 19 1
50 196756 28 1854 19 23 1
50 1601841 28 1861 23 32 1
50 2832315 28 1867 32 41 1
50 2922646 28 1868 41 51 1
50 3419292 28 1869 51 55 1
50 2505462 28 1866 55 61 1
50 2437646 28 1865 61 63 1
50 3612963 28 1870 63 78 1
50 3633749 28 1871 78 84 1
50 6407124 28 1881 84 90 1
50 4321627 28 1872 90 98 1
50 4834434 28 1875 98 100 1
50 4724559 28 1874 90 90 1
50 5686108 28 1878 109 110 1
50 4954306 28 1876 110 124 1
50 5673142 28 1877 110 114 1
50 4500623 28 1873 124 124 1
50 6354064 28 1880 124 129 1
29 635981 29 1320 0 0 1
29 399068 29 1318 0 9 1
29 717523 29 1321 9 9 1
29 1420537 29 1322 11 13 1
29 586937 29 1319 13 20 1
29 1840657 29 1323 20 26 1
29 3173403 29 1325 26 44 1
29 3894970 29 1326 44 50 1
29 4553205 29 1327 50 76 1
29 2888772 29 1324 50 76 1
29 4572467 29 1328 50 76 1
29 5256977 29 1330 76 79 1
29 5957649 29 1332 79 87 1
29 5644519 29 1331 79 87 1
29 6187544 29 1333 87 90 1
29 6236147 29 1334 87 90 1
29 5076244 29 1329 90 91 1
29 7912538 29 1340 91 102 1
29 7582963 29 1336 91 97 1
29 7641164 29 1338 98 99 1
29 9085178 29 1346 102 102 1
29 9016251 29 1345 98 99 1
29 7696899 29 1339 98 111 1
29 8074902 29 1342 99 102 1
29 7952129 29 1341 91 102 1
29 8544288 29 1343 102 102 1
29 7624063 29 1337 102 104 1
29 7426898 29 1335 104 111 1
40 7676321 30 1647 0 0 1
40 7857464 30 1648 0 13 1
40 7336486 30 1645 13 15 1
40 7441794 30 1646 15 15 1
40 6506451 30 1643 18 19 1
40 6191987 30 1642 19 24 1
40 6032398 30 1641 24 27 1
40 7267651 30 1644 27 39 1
40 5495212 30 1640 27 39 1
40 5058824 30 1638 39 48 1
40 5320461 30 1639 39 48 1
40 4926216 30 1637 48 53 1
40 4576848 30 1635 53 55 1
40 4846365 30 1636 55 79 1
40 4100926 30 1634 48 80 1
40 3794860 30 1632 61 89 1
40 3820985 30 1633 79 89 1
40 2524714 30 1630 89 94 1
40 2047993 30 1629 94 95 1
40 630426 30 1623 89 96 1
40 1803293 30 1628 100 100 1
40 1049706 30 1626 96 100 1
40 980682 30 1625 99 100 1
40 1562985 30 1627 100 100 1
40 3374406 30 1631 100 126 1
40 680110 30 1624 120 126 1
39 7463121 31 1622 0 0 1
39 6739894 31 1619 0 4 1
39 6781024 31 1620 4 9 1
39 7305424 31 1621 4 12 1
39 5983444 31 1618 12 19 1
39 5518507 31 1616 19 25 1
39 5672521 31 1617 25 30 1
39 4793816 31 1614 30 33 1
39 4719569 31 1613 33 47 1
39 5289566 31 1615 25 47 1
39 4132561 31 1612 47 57 1
39 835681 31 1596 53 57 1
39 463954 31 1595 57 58 1
39 313966 31 1594 58 61 1
39 1142846 31 1598 61 77 1
39 1326291 31 1599 77 78 1
39 1463690 31 1600 78 83 1
39 2277563 31 1602 83 91 1
39 3578598 31 1607 83 91 1
39 1984237 31 1601 83 91 1
39 3782468 31 1610 91 93 1
39 3300347 31 1605 93 97 1
39 3710386 31 1608 91 97 1
39 3961832 31 1611 91 97 1
39 3063435 31 1604 97 99 1
39 2747749 31 1603 97 99 1
39 3512704 31 1606 108 108 2
39 930469 31 1597 108 113 2
39 3728312 31 1609 113 122 2
44 7226114 32 1749 0 0 1
44 7186681 32 1748 0 6 1
44 6874299 32 1747 6 6 1
44 7287400 32 1750 0 19 1
44 5937254 32 1744 19 21 1
44 5990909 32 1745 21 30 1
44 5548095 32 1742 19 30 1
44 6016215 32 1746 30 32 1
44 4797755 32 1741 32 38 1
44 4248498 32 1739 38 48 1
44 3897100 32 1736 48 52 1
44 4563969 32 1740 52 57 1
44 4131473 32 1738 57 63 1
44 3956092 32 1737 57 63 1
44 3324027 32 1732 63 71 1
44 3365640 32 1733 71 72 1
44 3805212 32 1735 72 81 1
44 3388949 32 1734 71 81 1
44 2484496 32 1730 81 84 1
44 682933 32 1725 84 88 1
44 1135238 32 1729 88 89 1
44 712294 32 1726 89 90 1
44 882580 32 1728 90 94 1
44 35508 32 1724 91 94 1
44 817638 32 1727 94 102 1
44 13608 32 1723 101 102 1
47 4179290 33 1805 0 0 1
47 4938565 33 1808 0 8 1
47 5440663 33 1809 8 8 1
47 5969091 33 1811 8 8 1
47 6125853 33 1813 25 34 1
47 6583500 33 1815 8 8 1
47 4547626 33 1806 25 25 1
47 6081736 33 1812 35 45 1
47 6153748 33 1814 35 49 1
47 5689794 33 1810 41 49 1
47 4727937 33 1807 49 56 1
47 4096095 33 1804 56 66 1
47 3435834 33 1803 66 84 1
47 3217096 33 1802 84 90 1
47 2945631 33 1801 90 95 1
47 2751258 33 1800 95 103 1
47 2736861 33 1799 103 115 1
47 2332257 33 1797 103 113 1
47 2509178 33 1798 115 115 1
47 793759 33 1792 115 117 1
47 329547 33 1790 117 119 1
47 1512203 33 1794 119 128 1
47 1611911 33 1795 119 122 1
47 1302394 33 1793 128 128 1
47 1743597 33 1796 128 135 1
26 511513 34 1226 0 0 1
26 1633987 34 1230 0 6 1
26 1880306 34 1232 6 8 1
26 194397 34 1225 0 8 1
26 1311909 34 1228 9 9 1
26 1444148 34 1229 9 10 1
26 1840104 34 1231 10 14 1
26 2952967 34 1233 14 15 1
26 3978586 34 1237 15 31 1
26 3582646 34 1235 31 46 1
26 3923832 34 1236 15 15 1
26 3549724 34 1234 46 59 1
26 5603931 34 1239 59 63 1
26 6164506 34 1241 63 67 1
26 6214946 34 1242 67 70 1
26 4437621 34 1238 70 73 1
26 6789438 34 1244 73 81 1
26 6877479 34 1245 73 83 1
26 8077138 34 1248 81 86 1
26 7864764 34 1247 86 91 1
26 9204916 34 1251 95 99 1
26 6670361 34 1243 86 118 1
26 530047 34 1227 99 111 1
26 6037457 34 1240 111 118 1
26 9034063 34 1250 118 127 1
26 9397085 34 1252 124 127 1
5 2765504 35 320 0 0 2
5 109690 35 310 0 8 1
5 926153 35 314 0 8 1
5 580280 35 313 11 19 1
5 329882 35 311 8 21 1
5 520290 35 312 11 21 1
5 1316600 35 315 21 26 1
5 1514214 35 316 19 26 1
5 1773363 35 318 26 32 1
5 1581502 35 317 23 32 1
5 2663616 35 319 32 34 1
5 3184109 35 323 34 50 1
5 4559885 35 327 45 50 1
5 4603541 35 329 50 54 1
5 5220665 35 330 54 55 1
5 6808475 35 337 55 63 1
5 4379823 35 326 55 63 1
5 2944711 35 321 63 64 1
5 3891604 35 325 64 68 1
5 3474868 35 324 68 69 1
5 5388377 35 331 75 75 1
5 5945640 35 332 75 88 1
5 6728623 35 335 88 96 1
5 6777863 35 336 98 98 1
5 6484422 35 334 98 112 1
5 4573509 35 328 112 121 2
45 6092161 36 1771 0 0 1
45 6966551 36 1774 0 7 1
45 6461088 36 1772 0 7 1
45 6477520 36 1773 0 0 1
45 7097521 36 1775 0 11 1
45 4978130 36 1768 11 12 1
45 4656242 36 1767 12 28 1
45 4453456 36 1766 28 29 1
45 5290189 36 1769 29 34 1
45 4107709 36 1764 34 36 1
45 5505378 36 1770 36 39 1
45 4231378 36 1765 39 47 1
45 3763009 36 1763 47 48 1
45 3276100 36 1762 48 53 1
45 2641292 36 1759 53 60 1
45 2516835 36 1758 60 63 1
45 2848034 36 1760 60 63 1
45 2421115 36 1757 65 65 1
45 2057679 36 1755 65 70 1
45 2890567 36 1761 70 76 1
45 2190604 36 1756 70 71 1
45 581255 36 1752 84 102 1
45 1995736 36 1754 72 84 1
45 1290245 36 1753 76 84 1
45 500269 36 1751 84 102 1
37 8056351 37 1574 0 0 1
37 6418775 37 1569 0 7 1
37 8026317 37 1573 7 7 1
37 6842342 37 1570 10 12 1
37 6351931 37 1568 12 13 1
37 7291457 37 1571 7 7 1
37 7765965 37 1572 31 45 1
37 3768646 37 1562 31 49 1
37 5522299 37 1567 31 54 1
37 4121948 37 1564 45 59 1
37 5490340 37 1566 49 59 1
37 3943875 37 1563 59 65 1
37 2796385 37 1556 65 85 1
37 3187188 37 1560 65 85 1
37 3272570 37 1561 80 86 1
37 3068053 37 1558 80 86 1
37 2823232 37 1557 88 88 1
37 1809776 37 1555 88 90 1
37 1102159 37 1553 90 93 1
37 3161931 37 1559 93 96 1
37 77855 37 1552 96 104 1
37 1798315 37 1554 96 104 1
52 5545079 38 1918 0 0 1
52 5226059 38 1916 0 2 1
52 5895485 38 1919 2 12 1
52 6003238 38 1921 12 15 1
52 5459166 38 1917 15 19 1
52 4393639 38 1914 19 22 1
52 4313303 38 1913 22 28 1
52 274238 38 1898 28 48 1
52 460974 38 1899 48 56 1
52 477296 38 1900 48 56 1
52 736118 38 1902 56 65 1
52 574233 38 1901 65 66 1
52 1831343 38 1906 56 72 1
52 1220261 38 1904 66 72 1
52 1960947 38 1907 66 70 1
52 2508598 38 1908 72 72 1
52 977623 38 1903 72 76 1
52 1328819 38 1905 76 79 1
52 2594105 38 1909 79 99 1
52 3117463 38 1912 95 99 1
52 2898361 38 1911 99 105 1
52 2866908 38 1910 105 106 1
34 8608699 39 1492 0 0 2
34 6621404 39 1487 0 12 1
34 8226782 39 1490 0 30 1
34 6477166 39 1485 12 23 1
34 8712810 39 1493 12 30 1
34 8439253 39 1491 27 27 1
34 8037946 39 1489 28 30 1
34 7746487 39 1488 28 30 1
34 6199747 39 1484 30 41 1
34 6031427 39 1483 41 43 1
34 6599749 39 1486 43 51 1
34 5488697 39 1482 51 69 1
34 3262665 39 1476 51 70 1
34 4483716 39 1481 62 70 1
34 3311379 39 1478 70 81 1
34 3520430 39 1480 70 81 1
34 3273447 39 1477 81 84 1
34 3465145 39 1479 84 90 1
34 3078733 39 1475 90 95 1
34 2751826 39 1474 95 99 1
34 1892946 39 1471 99 102 1
34 2112718 39 1472 102 110 1
34 2384790 39 1473 110 116 1
34 387521 39 1470 116 119 1
36 770953 40 1532 0 0 1
36 1895768 40 1534 0 10 1
36 3343896 40 1537 10 15 1
36 357919 40 1530 10 31 1
36 1535765 40 1533 25 25 1
36 649710 40 1531 31 31 1
36 3110307 40 1535 31 51 1
36 3175952 40 1536 31 59 1
36 3414031 40 1538 44 56 1
36 3894335 40 1539 56 59 1
36 4359440 40 1540 59 72 1
36 4386526 40 1541 59 72 1
36 4943562 40 1545 72 74 1
36 4789425 40 1543 74 76 1
36 5387343 40 1546 76 79 1
36 4761440 40 1542 79 86 1
36 4919510 40 1544 86 89 1
36 6645615 40 1548 109 110 1
36 5831062 40 1547 91 105 1
36 6838443 40 1549 93 105 1
36 7857422 40 1550 105 109 1
36 8000402 40 1551 109 110 1
42 6221265 41 1705 0 0 1
42 6407243 41 1706 0 4 1
42 5899732 41 1704 4 8 1
42 5854364 41 1703 8 15 1
42 5434843 41 1702 15 16 1
42 5402230 41 1701 16 18 1
42 4895024 41 1700 18 27 1
42 4719364 41 1699 27 32 1
42 4455098 41 1698 32 34 1
42 4242434 41 1696 34 37 1
42 4346027 41 1697 37 43 1
42 3117741 41 1694 43 58 1
42 2924232 41 1693 58 65 1
42 2427457 41 1691 65 72 1
42 2573060 41 1692 65 72 1
42 2245985 41 1690 71 72 1
42 1857105 41 1689 72 81 1
42 1009673 41 1688 81 82 1
42 400470 41 1685 82 88 1
42 844066 41 1687 88 94 1
5 13592825 42 357 0 0 1
5 8619504 42 343 0 6 2
5 13524716 42 356 6 6 1
5 14387610 42 359 6 6 1
5 13121123 42 355 23 31 1
5 12753842 42 353 31 35 1
5 12866265 42 354 31 35 1
5 12501724 42 350 35 39 1
5 11989364 42 349 39 51 1
5 14327639 42 358 51 52 1
5 11274190 42 348 52 61 1
5 11164774 42 347 61 69 1
5 9477067 42 345 69 89 1
5 9674879 42 346 69 89 1
5 7895093 42 339 89 102 1
5 8869455 42 344 89 92 1
5 8594243 42 342 89 102 1
5 8172998 42 340 96 96 1
5 7360431 42 338 96 102 1
5 8519707 42 341 102 109 1
33 7607826 43 1469 0 0 1
33 7381016 43 1468 0 6 1
33 6956130 43 1467 0 11 1
33 6880988 43 1466 6 11 1
33 6579318 43 1465 11 12 1
33 5495181 43 1464 12 22 1
33 5306893 43 1463 22 24 1
33 5283966 43 1462 24 27 1
33 5174737 43 1461 24 32 1
33 4650723 43 1460 32 43 1
33 3886263 43 1459 43 44 1
33 3515627 43 1458 44 57 1
33 2955744 43 1457 57 61 1
33 2880422 43 1456 61 62 1
33 2402954 43 1455 62 79 1
33 1946696 43 1453 62 67 1
33 1694374 43 1451 79 79 1
33 71110 43 1449 94 94 1
33 1796723 43 1452 89 89 1
33 1650710 43 1450 89 94 1
32 281477 44 1427 0 0 1
32 1904661 44 1431 0 4 1
32 1655227 44 1430 0 7 1
32 1537037 44 1429 7 26 1
32 4181905 44 1434 26 32 1
32 3381195 44 1433 32 34 1
32 4731080 44 1436 34 41 1
32 6780201 44 1440 41 54 1
32 6410321 44 1437 54 61 1
32 6425833 44 1438 61 75 1
32 6655054 44 1439 61 75 1
32 7045779 44 1441 75 77 1
32 7436697 44 1444 77 81 1
32 7284036 44 1442 81 82 1
32 7388139 44 1443 82 83 1
32 8698070 44 1448 95 95 1
32 8661454 44 1447 95 95 1
32 7981780 44 1445 95 109 1
32 1333604 44 1428 109 125 2
38 7200361 45 1593 0 0 1
38 6539097 45 1591 0 4 1
38 6611725 45 1592 4 6 1
38 6514098 45 1590 6 8 1
38 5553668 45 1586 8 12 1
38 6037297 45 1587 8 12 1
38 6252844 45 1588 8 12 1
38 5359983 45 1585 8 12 1
38 4780526 45 1584 12 21 1
38 6480117 45 1589 21 41 1
38 3745802 45 1582 41 60 1
38 4506413 45 1583 41 63 1
38 2426530 45 1579 45 63 1
38 3067894 45 1581 63 76 1
38 3015611 45 1580 63 76 1
38 1056735 45 1576 76 106 1
38 1273609 45 1577 91 103 1
38 460345 45 1575 103 106 1
43 5895347 46 1719 0 0 1
43 6089952 46 1721 0 7 1
43 5928394 46 1720 0 18 1
43 7147710 46 1722 0 18 1
43 4888862 46 1718 18 28 1
43 4647230 46 1717 28 30 1
43 4158271 46 1716 30 37 1
43 4082892 46 1714 37 53 1
43 4122780 46 1715 30 47 1
43 3258668 46 1713 47 53 1
43 2552753 46 1712 53 59 1
43 1621375 46 1711 69 69 1
43 1234502 46 1710 69 78 1
43 329756 46 1707 73 78 1
43 664858 46 1709 73 78 1
43 478221 46 1708 83 83 1
48 2373550 47 1821 0 0 1
48 2040050 47 1818 0 8 1
48 1246520 47 1816 8 16 1
48 2119110 47 1819 16 18 1
48 1453740 47 1817 18 26 1
48 2340658 47 1820 26 35 1
48 4600277 47 1831 35 45 1
48 2798280 47 1822 35 45 1
48 3488128 47 1824 45 48 1
48 3910741 47 1827 45 48 1
48 3863157 47 1826 55 57 1
48 3826865 47 1825 55 57 1
48 3236715 47 1823 55 57 1
48 4479712 47 1830 63 63 1
48 6383775 47 1835 63 66 1
48 5887856 47 1832 66 72 1
48 6535212 47 1836 72 87 1
48 5936368 47 1833 87 95 1
48 6121349 47 1834 95 102 1
51 5395204 48 1895 0 0 1
51 5469420 48 1896 0 4 1
51 4073931 48 1892 4 16 1
51 5537761 48 1897 0 22 1
51 4574106 48 1894 22 31 1
51 4094023 48 1893 31 40 1
51 3626735 48 1891 40 48 1
51 2661346 48 1890 48 55 1
51 2617880 48 1889 55 57 1
51 1861140 48 1888 68 68 1
51 629621 48 1883 57 64 1
51 1774349 48 1887 57 64 1
51 698894 48 1884 64 67 1
51 467269 48 1882 67 68 1
51 1380006 48 1886 68 76 1
51 863798 48 1885 76 80 1
49 5579361 49 1851 0 0 1
49 4999247 49 1849 0 16 1
49 5066901 49 1850 16 16 1
49 4605721 49 1848 23 42 1
49 3379608 49 1846 42 50 1
49 2302341 49 1845 50 58 1
49 985206 49 1842 58 61 1
49 763488 49 1841 50 50 1
49 1641965 49 1843 68 69 1
49 677201 49 1840 68 69 1
49 395850 49 1838 105 105 1
49 347317 49 1837 75 75 1
49 489169 49 1839 75 82 1
49 1934023 49 1844 82 105 1
46 804441 50 1777 0 0 1
46 2640626 50 1781 0 23 1
46 1976731 50 1779 0 17 1
46 2565971 50 1780 23 23 1
46 3910028 50 1783 23 39 1
46 3852028 50 1782 39 43 1
46 4728289 50 1786 43 58 1
46 4716593 50 1785 43 66 1
46 4621407 50 1784 58 66 1
46 6192347 50 1788 66 71 1
46 6566758 50 1789 71 76 1
46 5622024 50 1787 76 84 1
3 23279469 51 249 0 0 1
3 23851709 51 252 0 0 1
3 23319869 51 250 2 4 1
3 23599911 51 251 2 4 1
3 24508851 51 254 2 5 1
3 21506539 51 247 5 6 1
3 23917206 51 253 2 6 1
3 21106036 51 245 9 9 1
3 21965533 51 248 9 15 1
3 21176233 51 246 15 23 1
3 18729351 51 242 23 36 1
3 17312562 51 238 36 55 1
3 18232979 51 240 36 39 1
3 17651846 51 239 42 42 1
3 17265294 51 237 42 48 1
3 16873123 51 236 45 48 1
3 14651419 51 234 48 55 1
3 14981941 51 235 55 59 1
3 14533982 51 233 59 67 1
3 13158758 51 229 59 64 1
3 13648381 51 232 64 67 1
3 13209194 51 230 67 76 1
3 11185469 51 223 67 76 1
3 11847877 51 224 69 76 1
3 12877947 51 227 82 82 1
3 10832162 51 222 82 82 1
3 7888164 51 215 85 85 1
3 12463250 51 226 85 89 1
3 13574752 51 231 89 90 1
3 9922294 51 217 90 92 1
3 9951921 51 218 90 92 1
3 9974538 51 219 100 106 1
3 12447467 51 225 100 111 1
3 10597424 51 220 100 111 1
3 8018285 51 216 100 106 1
3 7065805 51 213 100 111 1
3 10790981 51 221 100 111 1
3 6715404 51 212 106 106 1
3 7555975 51 214 111 111 1
3 25303959 51 255 111 113 2
3 6360599 51 211 113 115 1
3 5367966 51 207 100 100 1
3 4579592 51 205 118 127 1
3 5289584 51 206 118 119 1
3 5505709 51 208 124 127 1
3 5719861 51 209 124 127 1
3 5826164 51 210 124 127 1
3 3806630 51 203 127 134 1
3 3880315 51 204 134 135 1
3 1918614 51 201 135 149 1
3 3385334 51 202 135 145 1
3 1345120 51 199 145 149 1
3 1622064 51 200 145 149 1
3 1179200 51 198 152 154 1
3 859014 51 197 166 166 1
3 19717471 51 243 180 181 2
3 18266061 51 241 166 180 2
3 792473 51 196 174 180 2
3 19750154 51 244 180 181 2
4 16050645 52 304 0 0 2
4 11037996 52 292 0 3 2
4 11293837 52 293 0 9 2
4 14429895 52 300 3 16 2
4 17362638 52 309 16 20 1
4 13390064 52 296 9 9 2
4 14841532 52 301 22 24 1
4 14379136 52 299 24 31 1
4 17073966 52 308 31 35 1
4 16463115 52 305 31 35 1
4 16628462 52 306 31 35 1
4 15757014 52 303 24 38 1
4 16829425 52 307 31 35 1
4 13750771 52 297 24 31 1
4 13254334 52 295 38 51 1
4 13869129 52 298 35 47 1
4 12359924 52 294 47 51 1
4 10773978 52 291 51 54 1
4 10039256 52 288 54 58 1
4 9270852 52 286 58 63 1
4 10621366 52 289 63 68 1
4 9366457 52 287 68 72 1
4 9206906 52 285 72 80 1
4 10725637 52 290 72 80 1
4 7724094 52 283 80 93 1
4 7813804 52 284 80 93 1
4 7519091 52 282 80 93 1
4 6811607 52 279 93 95 1
4 6733915 52 278 93 100 1
4 6899342 52 280 93 95 1
4 6201756 52 275 97 97 1
4 5403382 52 273 97 99 1
4 6418791 52 277 99 100 1
4 4722972 52 271 100 107 1
4 4576517 52 270 107 110 1
4 5357207 52 272 110 112 1
4 1858225 52 264 112 120 1
4 1288716 52 260 136 136 2
4 2847927 52 267 120 134 1
4 2564143 52 266 120 121 1
4 96681 52 257 126 134 1
4 62146 52 256 136 136 2
4 1442847 52 262 136 136 2
4 1423090 52 261 126 134 1
4 130183 52 258 136 136 2
4 5834230 52 274 136 136 2
4 3450560 52 268 136 136 2
4 1836906 52 263 136 136 2
4 7025220 52 281 136 136 2
4 2352350 52 265 136 136 2
4 1268651 52 259 136 142 1
4 4353335 52 269 142 147 1
18 4360141 53 910 0 0 2
18 258514 53 898 0 8 1
18 2173670 53 901 8 8 1
18 2892559 53 905 0 8 2
18 1630980 53 899 8 8 1
18 1762692 53 900 22 30 1
18 2236022 53 902 22 31 1
18 2258336 53 903 22 31 1
18 2746443 53 904 31 34 1
18 3526890 53 906 34 43 1
18 3662445 53 907 43 47 1
18 4047505 53 909 47 52 1
18 4418738 53 911 51 52 1
18 3983452 53 908 52 59 1
18 5172978 53 913 59 68 1
18 5160370 53 912 59 68 1
18 5739788 53 914 72 72 1
18 5809430 53 916 72 80 1
18 5963038 53 917 72 77 1
18 6461910 53 919 80 80 1
18 6049298 53 918 80 83 1
18 6994616 53 922 83 85 1
18 7170657 53 923 83 85 1
18 6645736 53 920 88 88 1
18 7508407 53 924 88 89 1
18 6962724 53 921 88 89 1
18 7652093 53 926 93 93 1
18 8979697 53 931 93 101 1
18 8687147 53 929 93 101 1
18 9009965 53 932 101 109 1
18 9421248 53 933 101 109 1
18 9635606 53 935 110 110 1
18 9610953 53 934 110 113 1
18 10343563 53 937 113 118 1
18 12037511 53 943 143 143 1
18 11830502 53 942 116 118 1
18 11366871 53 941 123 123 1
18 8831549 53 930 123 129 1
18 9998744 53 936 128 129 1
18 11096930 53 940 129 136 1
18 8196800 53 927 143 143 2
18 8294338 53 928 143 143 2
18 11063299 53 939 143 148 2
18 7577646 53 925 148 149 2
