V1 V2 V3 V4 V5 V6 V7 V8
1 32179853 1 80 221 225 1 1
1 32707210 1 82 221 227 1 1
1 31619494 1 79 218 221 1 1
1 32692290 1 81 218 224 1 1
1 29867842 1 78 215 216 1 1
1 29285705 1 76 210 215 1 1
1 29750167 1 77 210 215 1 1
1 28789178 1 73 201 196 1 1
1 28814791 1 74 201 196 1 1
1 28915518 1 75 201 196 1 1
1 28139617 1 71 190 191 1 1
1 28208575 1 72 190 191 1 1
1 27746703 1 70 185 184 1 1
1 27608308 1 69 182 184 1 1
1 26399444 1 68 178 177 1 1
1 24928100 1 66 171 163 1 1
1 25100574 1 67 171 163 1 1
1 24107239 1 63 157 157 1 1
1 24493191 1 64 157 157 1 1
1 24540913 1 65 151 152 1 1
1 21028647 1 60 146 140 1 1
1 21644230 1 61 134 139 1 1
1 20781587 1 58 133 132 1 1
1 20802551 1 59 133 137 1 1
1 19320697 1 54 129 135 1 1
1 20006942 1 56 129 132 1 1
1 22053918 1 62 129 132 1 1
1 19248337 1 53 126 129 1 1
1 20624000 1 57 126 122 1 1
1 17642404 1 51 123 126 1 1
1 17919483 1 52 120 125 1 1
1 19519892 1 55 119 122 1 1
1 17483747 1 49 116 121 1 1
1 16460677 1 47 115 115 1 1
1 16786147 1 48 115 119 1 1
1 16012085 1 46 113 112 1 1
1 15316434 1 43 107 110 1 1
1 15371083 1 44 107 110 1 1
1 15765440 1 45 107 112 1 1
1 13461266 1 40 104 98 1 1
1 14278794 1 41 104 103 1 1
1 14508534 1 42 104 103 1 1
1 12454768 1 38 97 98 1 1
1 12546603 1 39 97 98 1 1
1 11560579 1 36 92 93 1 1
1 11227247 1 35 87 89 1 1
1 12063813 1 37 83 85 1 1
1 10711888 1 34 79 84 1 1
1 10281934 1 33 78 79 1 1
1 10017917 1 32 73 77 1 1
1 9145964 1 30 71 72 1 1
1 9341343 1 31 71 71 1 1
1 9094408 1 29 66 66 1 1
1 8628409 1 26 60 63 1 1
1 8969480 1 28 60 66 1 1
1 8359803 1 23 57 54 1 1
1 8382713 1 24 57 61 1 1
1 8411725 1 25 57 61 1 1
1 7536599 1 19 50 48 1 1
1 7708666 1 20 50 56 1 1
1 7908491 1 22 50 54 1 1
1 7765061 1 21 49 47 1 1
1 7306065 1 18 48 41 1 1
1 8813966 1 27 42 41 1 1
1 6790992 1 16 35 38 1 1
1 7058547 1 17 35 38 1 1
1 6323136 1 13 28 32 1 1
1 6359262 1 14 28 24 1 1
1 6719654 1 15 28 29 1 1
1 4838850 1 12 26 29 1 1
1 4529872 1 11 23 24 1 1
1 3580596 1 9 18 14 1 1
1 3702067 1 10 18 18 1 1
1 3079565 1 8 13 14 1 1
1 1669721 1 4 8 6 1 1
1 1769821 1 6 8 12 1 1
1 2123270 1 7 8 6 1 1
1 1725886 1 5 6 6 1 1
1 1490116 1 3 0 0 1 1
1 857604 1 1 0 6 1 1
1 960108 1 2 0 0 1 1
2 32213163 2 191 218 222 1 2
2 32469265 2 193 218 222 1 2
2 30598075 2 183 209 212 1 2
2 31267355 2 186 209 212 1 2
2 32364635 2 192 209 212 1 2
2 32533813 2 194 209 213 1 2
2 32704001 2 195 209 212 1 2
2 29725934 2 180 206 210 1 2
2 29774767 2 181 206 208 1 2
2 31401716 2 187 206 203 1 2
2 30666741 2 184 204 203 1 2
2 31855596 2 189 204 203 1 2
2 32073359 2 190 204 203 1 2
2 28351387 2 177 199 200 1 2
2 29053980 2 179 199 185 1 2
2 28158004 2 176 196 185 1 2
2 28777071 2 178 196 185 1 2
2 26305644 2 170 181 178 1 2
2 26803745 2 173 181 183 1 2
2 26197863 2 169 179 178 1 2
2 25165264 2 166 174 166 1 2
2 26567389 2 171 174 170 1 2
2 26985911 2 174 174 166 1 2
2 25190493 2 167 166 166 1 2
2 27092494 2 175 162 165 1 2
2 24129621 2 163 161 151 1 2
2 25116882 2 165 161 154 1 2
2 22811789 2 159 150 151 1 2
2 23690837 2 162 150 151 1 2
2 23507725 2 161 147 148 1 2
2 22182029 2 157 144 141 1 2
2 19747309 2 147 137 132 1 2
2 19813085 2 148 137 132 1 2
2 20784692 2 155 129 129 1 2
2 20129424 2 150 128 129 1 2
2 20223771 2 151 128 127 1 2
2 20444627 2 152 128 126 1 2
2 20635090 2 154 128 129 1 2
2 20613019 2 153 124 127 1 2
2 19471622 2 145 123 126 1 2
2 18254731 2 139 122 123 1 2
2 18281057 2 140 122 115 1 2
2 18303897 2 141 122 123 1 2
2 14991257 2 129 115 114 1 2
2 16533821 2 132 115 109 1 2
2 16782882 2 134 115 114 1 2
2 16837901 2 136 115 109 1 2
2 19191007 2 143 115 119 1 2
2 16585136 2 133 109 110 1 2
2 17806390 2 138 109 112 1 2
2 18796642 2 142 109 110 1 2
2 16398597 2 131 108 110 1 2
2 14564960 2 128 106 110 1 2
2 14431555 2 127 105 106 1 2
2 17275622 2 137 105 109 1 2
2 19216833 2 144 102 102 1 2
2 12687180 2 123 98 94 1 2
2 12804850 2 124 98 94 1 2
2 13183001 2 125 98 94 1 2
2 13613521 2 126 90 86 1 2
2 11437219 2 120 82 81 1 2
2 11979129 2 121 82 76 1 2
2 10825815 2 118 80 76 1 2
2 9700725 2 114 80 76 1 2
2 11313452 2 119 74 76 1 2
2 10092062 2 117 72 74 1 2
2 9764763 2 116 72 70 1 2
2 9164927 2 112 66 69 1 2
2 9714553 2 115 65 63 1 2
2 7496863 2 110 59 50 1 2
2 8368909 2 111 59 55 1 2
2 7437619 2 109 51 50 1 2
2 6882830 2 108 46 44 1 2
2 6507264 2 107 40 42 1 2
2 5854899 2 104 38 35 1 2
2 6109175 2 105 38 34 1 2
2 5469920 2 103 34 34 1 2
2 5276473 2 100 31 34 1 2
2 5439929 2 102 23 27 1 2
2 6323620 2 106 23 27 1 2
2 5184754 2 99 20 22 1 2
2 5361761 2 101 20 24 1 2
2 3519183 2 98 18 19 1 2
2 2240054 2 94 15 17 1 2
2 2695156 2 96 15 17 1 2
2 1902597 2 91 14 17 1 2
2 17994 2 83 10 12 1 2
2 3477040 2 97 10 14 1 2
2 797817 2 87 8 12 1 2
2 685977 2 86 0 0 1 2
2 892607 2 89 0 4 1 2
3 1179200 51 198 0 0 1 3
3 1345120 51 199 15 17 1 3
3 1622064 51 200 15 17 1 3
3 1918614 51 201 15 19 1 3
3 859014 51 197 15 15 1 3
3 3385334 51 202 17 19 1 3
3 5289584 51 206 19 28 1 3
3 3880315 51 204 28 31 1 3
3 3806630 51 203 31 38 1 3
3 4579592 51 205 31 38 1 3
3 5719861 51 209 31 38 1 3
3 5505709 51 208 38 38 1 3
3 5826164 51 210 38 46 1 3
3 6360599 51 211 42 46 1 3
3 6715404 51 212 46 50 1 3
3 10597424 51 220 50 69 2 3
3 10790981 51 221 50 69 2 3
3 7065805 51 213 50 69 2 3
3 7555975 51 214 50 64 2 3
3 8018285 51 216 50 69 2 3
3 9974538 51 219 62 64 2 3
3 12447467 51 225 67 69 2 3
3 9922294 51 217 67 67 2 3
3 9951921 51 218 69 73 2 3
3 13574752 51 231 73 75 2 3
3 12463250 51 226 75 76 2 3
3 7888164 51 215 76 80 2 3
3 10832162 51 222 80 84 2 3
3 12877947 51 227 84 94 2 3
3 13209194 51 230 84 99 2 3
3 11185469 51 223 94 99 2 3
3 11847877 51 224 99 100 2 3
3 13648381 51 232 100 110 2 3
3 14533982 51 233 100 110 2 3
3 13158758 51 229 106 110 2 3
3 14651419 51 234 119 125 1 3
3 14981941 51 235 119 125 1 3
3 16873123 51 236 125 129 1 3
3 17265294 51 237 125 130 1 3
3 17651846 51 239 130 139 1 3
3 18232979 51 240 139 142 1 3
3 18729351 51 242 142 151 1 3
3 21176233 51 246 151 158 1 3
3 21965533 51 248 158 159 1 3
3 21106036 51 245 159 162 1 3
3 21506539 51 247 162 169 1 3
3 23917206 51 253 162 173 1 3
3 23279469 51 249 164 173 1 3
3 23319869 51 250 167 173 1 3
3 23851709 51 252 169 172 1 3
3 23599911 51 251 172 173 1 3
3 24508851 51 254 172 173 1 3
4 15757014 52 303 101 116 1 4
4 16463115 52 305 101 109 1 4
4 16628462 52 306 101 109 1 4
4 16829425 52 307 101 109 1 4
4 17362638 52 309 101 115 1 4
4 17073966 52 308 100 109 1 4
4 13869129 52 298 94 107 1 4
4 12359924 52 294 92 104 1 4
4 14841532 52 301 89 102 1 4
4 13254334 52 295 87 94 1 4
4 10773978 52 291 79 89 1 4
4 10039256 52 288 74 85 1 4
4 9270852 52 286 70 80 1 4
4 10621366 52 289 65 76 1 4
4 9366457 52 287 61 72 1 4
4 10725637 52 290 57 67 1 4
4 9206906 52 285 57 64 1 4
4 7724094 52 283 49 54 1 4
4 7813804 52 284 49 54 1 4
4 6733915 52 278 33 43 1 4
4 6811607 52 279 33 48 1 4
4 6899342 52 280 33 48 1 4
4 5403382 52 273 31 43 1 4
4 6201756 52 275 31 46 1 4
4 6418791 52 277 29 43 1 4
4 4722972 52 271 18 33 1 4
4 5357207 52 272 16 25 1 4
4 4353335 52 269 10 21 1 4
4 96681 52 257 6 15 2 4
4 1423090 52 261 2 15 2 4
4 1858225 52 264 0 15 2 4
4 2564143 52 266 0 0 2 4
5 109690 35 310 0 0 2 5
5 926153 35 314 0 3 1 5
5 329882 35 311 3 16 1 5
5 520290 35 312 3 16 1 5
5 580280 35 313 3 13 1 5
5 1316600 35 315 16 16 1 5
5 1514214 35 316 16 16 1 5
5 1581502 35 317 21 27 1 5
5 1773363 35 318 21 27 1 5
5 2663616 35 319 27 31 1 5
5 4379823 35 326 31 45 1 5
5 4603541 35 329 45 48 1 5
5 5220665 35 330 48 51 1 5
5 2944711 35 321 51 55 1 5
5 6808475 35 337 51 55 2 5
5 3891604 35 325 59 59 1 5
5 4559885 35 327 59 61 1 5
5 5388377 35 331 67 67 1 5
5 5945640 35 332 67 81 1 5
5 6728623 35 335 81 92 1 5
5 6777863 35 336 92 96 2 5
5 6484422 35 334 96 104 1 5
5 8172998 42 340 0 0 2 5
5 8519707 42 341 0 8 1 5
5 7360431 42 338 15 15 2 5
5 7895093 42 339 15 27 1 5
5 8594243 42 342 15 27 1 5
5 8869455 42 344 15 27 1 5
5 9674879 42 346 27 29 1 5
5 11164774 42 347 29 45 1 5
5 11274190 42 348 45 49 1 5
5 14327639 42 358 49 57 1 5
5 11989364 42 349 57 65 1 5
5 12501724 42 350 65 66 1 5
5 12753842 42 353 66 74 1 5
5 12866265 42 354 66 74 1 5
5 13121123 42 355 74 83 1 5
5 14387610 42 359 74 91 2 5
5 13524716 42 356 80 91 1 5
5 13592825 42 357 91 92 1 5
6 1639004 3 364 0 0 1 6
6 182576 3 360 0 7 1 6
6 758224 3 362 0 7 1 6
6 1807013 3 365 13 13 1 6
6 2148493 3 366 13 16 1 6
6 2322762 3 367 13 16 1 6
6 2543655 3 368 13 16 1 6
6 500841 3 361 13 13 1 6
6 926794 3 363 13 22 1 6
6 4202654 3 373 21 23 1 6
6 3435170 3 370 22 24 1 6
6 3845762 3 371 22 24 1 6
6 4497484 3 374 28 35 1 6
6 4977745 3 375 35 43 1 6
6 5379838 3 376 43 48 1 6
6 5742336 3 377 48 49 1 6
6 6439830 3 379 49 57 1 6
6 7414898 3 383 55 55 1 6
6 6543017 3 380 57 57 1 6
6 7218202 3 382 57 60 1 6
6 9048876 3 387 57 60 2 6
6 7109105 3 381 60 67 1 6
6 7897309 3 384 60 80 1 6
6 7923249 3 385 64 80 1 6
6 10496243 3 389 80 83 1 6
6 10168825 3 388 83 85 1 6
6 10806324 3 390 85 89 1 6
6 11146928 3 391 89 92 1 6
6 11555771 3 392 92 97 1 6
6 11991422 3 393 97 108 1 6
6 12010783 3 394 97 107 1 6
6 12122531 3 395 108 108 1 6
6 14685476 3 404 108 110 2 6
6 13195766 3 399 110 116 2 6
6 13123546 3 398 111 116 2 6
6 14708637 3 405 116 126 2 6
6 12902375 3 397 128 135 2 6
6 13258325 3 400 128 128 2 6
6 13658413 3 401 128 128 2 6
6 14395165 3 403 128 128 2 6
6 12669456 3 396 135 139 2 6
7 13012938 7 446 115 115 1 7
7 14159619 7 450 115 115 1 7
7 13183392 7 447 104 104 1 7
7 13574080 7 448 104 104 1 7
7 10748795 7 440 103 102 1 7
7 11439418 7 442 103 102 1 7
7 11944889 7 444 103 102 1 7
7 11235166 7 441 99 97 1 7
7 12530305 7 445 99 99 1 7
7 9488748 7 436 99 88 1 7
7 10079867 7 439 97 96 1 7
7 10003694 7 438 96 94 1 7
7 9827766 7 437 94 89 1 7
7 8648443 7 433 91 88 1 7
7 8365275 7 432 88 83 1 7
7 8028974 7 431 83 81 1 7
7 9067417 7 435 81 78 1 7
7 11676813 7 443 78 67 1 7
7 7457770 7 429 67 59 1 7
7 6685495 7 427 59 52 1 7
7 7169153 7 428 59 52 1 7
7 7744946 7 430 59 57 1 7
7 6037814 7 424 50 37 1 7
7 6242841 7 425 50 50 1 7
7 5223766 7 422 37 34 1 7
7 5528716 7 423 37 34 1 7
7 3967418 7 419 27 20 1 7
7 4504065 7 421 27 27 1 7
7 1912596 7 411 20 13 1 7
7 2021696 7 412 20 12 1 7
7 2200640 7 414 20 12 1 7
7 2676732 7 416 20 13 1 7
7 2850491 7 418 20 15 1 7
7 2118114 7 413 13 12 1 7
7 2836636 7 417 13 13 1 7
7 2269932 7 415 12 12 1 7
7 1563537 7 410 10 10 1 7
7 709955 7 407 10 0 1 7
7 764727 7 408 10 10 1 7
7 1039393 7 409 0 0 1 7
8 2971186 13 458 0 14 2 8
8 3152553 13 460 0 14 2 8
8 3371504 13 462 0 15 2 8
8 4197114 13 465 0 14 2 8
8 4386405 13 466 0 0 2 8
8 3603105 13 463 3 3 2 8
8 3687162 13 464 14 14 2 8
8 2412205 13 456 15 22 2 8
8 2535569 13 457 15 15 2 8
8 2124056 13 455 22 30 2 8
8 1001891 13 454 30 36 2 8
8 129641 13 451 36 48 2 8
8 295758 13 452 36 48 2 8
8 6119526 13 470 48 48 1 8
8 6971511 13 475 53 55 1 8
8 7452971 13 476 53 54 1 8
8 7885327 13 478 53 54 1 8
8 7638287 13 477 55 55 1 8
8 8108346 13 479 55 57 1 8
8 5923991 13 468 57 62 1 8
8 6314142 13 471 57 62 1 8
8 6820969 13 474 57 62 1 8
8 8497879 13 481 57 62 1 8
8 8457897 13 480 61 62 1 8
8 943657 13 453 66 68 2 8
8 9520929 13 483 66 66 1 8
8 8815619 13 482 68 69 1 8
8 9727581 13 484 69 74 1 8
8 10170651 13 486 74 88 1 8
8 5910871 13 467 74 88 1 8
8 10455438 13 487 88 91 1 8
8 10074649 13 485 91 95 1 8
8 10607113 13 488 95 101 1 8
8 12130515 13 491 95 107 1 8
8 13112794 13 493 95 108 1 8
8 11333600 13 489 103 103 1 8
8 11495803 13 490 103 106 1 8
8 13192603 13 494 106 111 1 8
8 13450404 13 495 107 108 1 8
8 12636322 13 492 108 112 1 8
8 13722133 13 497 112 112 1 8
8 13944395 13 498 112 119 1 8
8 13664672 13 496 119 122 1 8
9 1508742 16 502 0 0 1 9
9 1024768 16 501 3 3 1 9
9 1897365 16 503 3 18 1 9
9 2212462 16 504 3 20 1 9
9 567009 16 499 3 20 1 9
9 881127 16 500 3 20 1 9
9 2302222 16 505 20 22 1 9
9 3329527 16 506 22 26 1 9
9 4087599 16 507 26 30 1 9
9 4541638 16 509 26 37 1 9
9 4160548 16 508 37 37 1 9
9 4873049 16 510 37 45 1 9
9 5059914 16 511 45 55 1 9
9 6133331 16 513 55 58 1 9
9 6318998 16 514 58 61 1 9
9 6514777 16 515 58 67 1 9
9 6820565 16 516 61 67 1 9
9 7775985 16 519 67 73 1 9
9 7176539 16 517 73 76 1 9
9 8804497 16 521 76 85 1 9
9 9008750 16 524 76 89 1 9
9 8554747 16 520 87 87 1 9
9 8821489 16 522 87 89 1 9
9 9199866 16 525 88 89 1 9
9 9715321 16 529 89 91 1 9
9 9326419 16 526 91 92 1 9
9 9539419 16 528 91 92 1 9
9 10503849 16 530 96 99 1 9
9 10757764 16 531 96 99 1 9
9 11825051 16 533 96 97 1 9
9 11399435 16 532 98 98 1 9
9 12520071 16 534 98 103 1 9
9 12864411 16 535 99 101 1 9
9 13613920 16 536 101 103 1 9
10 1849939 10 539 0 0 2 10
10 1907139 10 540 0 3 2 10
10 1305491 10 537 13 27 2 10
10 1496959 10 538 13 13 2 10
10 2594495 10 546 13 23 2 10
10 2277980 10 544 18 23 2 10
10 2935663 10 548 18 23 2 10
10 1933833 10 541 24 24 2 10
10 2121268 10 542 24 27 2 10
10 2131552 10 543 27 27 2 10
10 2418387 10 545 27 28 2 10
10 4198222 10 551 28 33 1 10
10 4449242 10 552 33 40 1 10
10 4700331 10 553 40 42 1 10
10 5054369 10 555 42 48 1 10
10 4739072 10 554 48 49 1 10
10 5741844 10 556 49 53 1 10
10 6076496 10 558 53 55 1 10
10 7244062 10 562 55 58 2 10
10 5831840 10 557 58 59 1 10
10 6847559 10 560 59 60 2 10
10 6570344 10 559 60 69 2 10
10 7933835 10 567 69 75 2 10
10 7316701 10 563 75 82 2 10
10 7754839 10 565 75 79 2 10
10 7000545 10 561 79 82 2 10
10 7514530 10 564 79 91 2 10
10 8133983 10 569 82 85 1 10
10 8759789 10 571 85 89 1 10
10 9230156 10 573 87 91 1 10
10 8969780 10 572 89 91 1 10
10 7846134 10 566 91 93 2 10
10 10603129 10 575 93 102 1 10
10 11331761 10 577 107 107 1 10
10 11407174 10 578 107 107 1 10
10 11834336 10 580 107 117 1 10
10 12343803 10 582 107 107 1 10
10 12476746 10 583 107 107 1 10
10 11701623 10 579 116 117 1 10
11 1222654 17 588 0 25 0 11
11 1406053 17 589 0 0 2 11
11 1180990 17 587 10 10 2 11
11 2890370 17 591 10 20 1 11
11 2927734 17 592 10 10 1 11
11 3199294 17 593 10 10 1 11
11 3364387 17 594 10 10 1 11
11 846338 17 585 17 18 2 11
11 3634067 17 595 25 31 1 11
11 3700235 17 596 25 31 1 11
11 933811 17 586 25 25 2 11
11 3896767 17 597 31 39 1 11
11 4835900 17 600 39 49 1 11
11 5214150 17 602 39 49 1 11
11 6748998 17 606 49 54 1 11
11 5720506 17 603 54 59 1 11
11 6923774 17 607 59 71 1 11
11 7377318 17 608 71 73 1 11
11 7542875 17 609 73 77 1 11
11 7927409 17 610 73 77 1 11
11 8018057 17 612 81 81 1 11
11 8260044 17 614 81 82 1 11
11 8897970 17 615 81 87 1 11
11 9662225 17 616 82 83 1 11
11 11201992 17 620 87 97 1 11
11 12717886 17 624 97 101 1 11
11 10034671 17 617 101 102 1 11
11 10574818 17 618 102 103 1 11
11 10797425 17 619 103 104 1 11
11 11971590 17 621 104 114 1 11
11 12274541 17 622 106 114 1 11
11 12878166 17 625 114 117 1 11
12 2114494 5 628 0 0 1 12
12 1736598 5 627 14 14 1 12
12 2383174 5 629 14 14 1 12
12 27118 5 626 14 14 1 12
12 3212177 5 630 20 20 1 12
12 4114481 5 632 20 30 2 12
12 4923410 5 635 30 32 2 12
12 4961436 5 636 30 32 2 12
12 4338387 5 633 37 39 2 12
12 4537720 5 634 37 37 2 12
12 5845747 5 639 39 45 1 12
12 4073262 5 631 45 50 2 12
12 5531930 5 638 50 57 1 12
12 6971888 5 642 57 67 1 12
12 9176233 5 654 67 70 1 12
12 7996811 5 649 70 71 1 12
12 7262125 5 643 71 75 1 12
12 7626505 5 644 75 76 1 12
12 7831910 5 647 76 78 1 12
12 7845533 5 648 76 78 1 12
12 7765715 5 645 80 84 1 12
12 7787431 5 646 80 80 1 12
12 8829367 5 652 84 86 1 12
12 8575281 5 650 86 88 1 12
12 8817304 5 651 88 93 1 12
12 10487153 5 658 93 96 1 12
12 11865319 5 664 96 96 1 12
12 12047327 5 668 96 102 1 12
12 12556550 5 672 96 105 1 12
12 12702601 5 673 96 119 0 12
12 11060053 5 660 103 103 1 12
12 11963393 5 667 103 104 1 12
12 12126102 5 669 103 103 1 12
12 12368244 5 671 103 119 1 12
12 11912935 5 665 104 104 1 12
12 11947902 5 666 104 104 1 12
12 9495163 5 656 105 105 1 12
12 9763455 5 657 105 105 1 12
12 11254077 5 661 119 119 1 12
12 12234902 5 670 119 121 1 12
12 9047547 5 653 119 119 1 12
13 12301372 14 714 103 97 1 13
13 12573689 14 715 103 104 1 13
13 11361243 14 710 102 97 1 13
13 11702945 14 712 102 101 1 13
13 11925744 14 713 102 103 1 13
13 10523170 14 709 100 97 1 13
13 9679685 14 707 100 93 1 13
13 9372240 14 706 92 90 1 13
13 8668867 14 704 89 83 1 13
13 9105715 14 705 89 83 1 13
13 7441867 14 695 82 67 1 13
13 8104200 14 700 82 75 1 13
13 8299062 14 701 82 67 1 13
13 8433444 14 702 76 75 1 13
13 7989271 14 698 73 73 1 13
13 8039211 14 699 73 73 1 13
13 7720948 14 696 69 67 1 13
13 7839486 14 697 69 67 1 13
13 7210025 14 694 66 63 1 13
13 6893818 14 693 62 53 1 13
13 8587593 14 703 62 53 1 13
13 6318787 14 690 52 50 1 13
13 6338911 14 691 49 48 1 13
13 6805770 14 692 49 48 1 13
13 4589216 14 683 40 41 1 13
13 5239850 14 687 40 38 1 13
13 6165832 14 689 37 36 1 13
13 4426306 14 682 35 32 1 13
13 4766922 14 684 35 32 1 13
13 5043650 14 686 35 32 1 13
13 3688538 14 681 31 28 1 13
13 4869505 14 685 27 23 1 13
13 3316984 14 680 22 19 1 13
13 678582 14 675 18 1 2 13
13 120941 14 674 3 4 2 13
13 769041 14 676 3 1 2 13
13 946041 14 677 0 0 2 13
14 1799529 20 722 0 0 2 14
14 2743286 20 727 0 3 2 14
14 1279593 20 721 9 15 2 14
14 2313592 20 724 9 15 2 14
14 2184191 20 723 15 20 2 14
14 2607071 20 725 15 20 2 14
14 1011897 20 719 21 36 2 14
14 1133329 20 720 21 33 2 14
14 2633268 20 726 21 21 2 14
14 434055 20 716 21 33 2 14
14 609355 20 718 21 33 2 14
14 3910162 20 728 33 36 1 14
14 4076539 20 729 36 37 1 14
14 4317596 20 730 37 43 1 14
14 5094926 20 733 37 43 1 14
14 4769337 20 732 43 45 1 14
14 5596326 20 737 43 55 1 14
14 5405166 20 734 45 55 1 14
14 5489079 20 735 45 55 1 14
14 5947257 20 738 55 58 1 14
14 6462636 20 739 55 58 1 14
14 6639532 20 741 58 64 1 14
14 6601803 20 740 62 64 1 14
14 7622045 20 742 64 81 1 14
14 8178492 20 743 81 84 1 14
14 9244731 20 748 84 96 1 14
14 10858935 20 751 100 100 1 14
14 8496146 20 744 100 103 1 14
14 9927773 20 749 103 109 1 14
14 10281697 20 750 104 109 1 14
14 8718804 20 746 104 122 1 14
14 11804709 20 752 122 122 1 14
14 8941759 20 747 122 128 1 14
15 10555772 4 798 106 95 1 15
15 12000612 4 802 106 111 1 15
15 10904675 4 800 96 101 1 15
15 11728775 4 801 96 98 1 15
15 10191570 4 796 93 93 1 15
15 10289525 4 797 90 93 1 15
15 9997644 4 795 90 93 1 15
15 8631511 4 789 88 90 1 15
15 8798482 4 791 85 88 1 15
15 8893977 4 793 85 87 1 15
15 8809318 4 792 84 87 1 15
15 8572884 4 788 82 84 1 15
15 8303498 4 787 79 81 1 15
15 7606871 4 785 76 80 1 15
15 7942961 4 786 75 77 1 15
15 7235532 4 784 72 72 1 15
15 7138193 4 783 69 72 1 15
15 6807927 4 782 67 71 1 15
15 6654052 4 781 66 66 1 15
15 6644000 4 780 61 53 1 15
15 4826337 4 774 48 44 1 15
15 5457846 4 779 39 43 1 15
15 4855545 4 775 38 34 1 15
15 4480980 4 773 29 31 1 15
15 3863054 4 771 26 29 1 15
15 3579655 4 770 24 23 1 15
15 3153058 4 767 18 21 1 15
15 2452294 4 765 16 17 1 15
15 2499325 4 766 16 12 1 15
15 1968854 4 763 12 12 1 15
15 232711 4 753 7 10 1 15
15 243143 4 754 7 11 1 15
15 908637 4 757 7 11 1 15
15 932927 4 758 7 11 1 15
15 1386480 4 761 5 10 1 15
15 1266816 4 760 0 5 1 15
15 498850 4 755 0 0 1 15
16 1779724 8 809 0 0 1 16
16 303503 8 803 0 4 1 16
16 602596 8 804 4 7 1 16
16 2283804 8 810 12 12 1 16
16 2984987 8 812 12 14 1 16
16 3253664 8 814 12 14 1 16
16 3050744 8 813 16 16 1 16
16 4510312 8 816 16 21 1 16
16 2725164 8 811 21 34 1 16
16 4639876 8 817 34 48 1 16
16 4685826 8 818 48 53 1 16
16 4799554 8 819 53 58 1 16
16 5231416 8 820 58 60 1 16
16 7615724 8 830 60 68 1 16
16 4364739 8 815 68 72 1 16
16 6857911 8 824 72 85 1 16
16 6517404 8 821 85 95 1 16
16 6820524 8 823 95 97 1 16
16 6934934 8 825 97 101 1 16
16 6974424 8 826 97 101 1 16
16 7067990 8 827 97 101 1 16
16 6684180 8 822 104 109 1 16
16 7402378 8 828 104 104 1 16
16 7680395 8 831 104 105 1 16
16 7506729 8 829 109 109 1 16
16 7960947 8 832 109 111 1 16
16 9381144 8 835 111 118 1 16
16 9546561 8 836 118 120 1 16
16 9630738 8 837 120 125 1 16
16 9862537 8 838 125 126 1 16
16 10247185 8 840 126 132 1 16
16 10291575 8 841 126 132 1 16
16 11132071 8 846 126 132 1 16
16 11041688 8 845 131 132 1 16
16 10637584 8 842 134 145 1 16
16 10706214 8 843 134 134 1 16
16 10813462 8 844 134 150 1 16
16 10191826 8 839 145 147 1 16
16 11474261 8 849 145 145 1 16
16 11782286 8 850 150 152 1 16
16 7971927 8 833 150 150 1 16
16 11220888 8 848 152 156 1 16
17 11150345 9 892 112 116 1 17
17 11880048 9 894 112 115 1 17
17 9581614 9 887 112 110 2 17
17 11464913 9 893 107 111 1 17
17 12099691 9 895 107 109 1 17
17 10211811 9 889 106 102 2 17
17 10364405 9 890 106 109 2 17
17 12290415 9 896 106 109 1 17
17 12319278 9 897 106 109 1 17
17 8675713 9 884 98 96 1 17
17 8890406 9 885 98 102 1 17
17 10895067 9 891 92 89 2 17
17 7983618 9 882 85 81 1 17
17 8114148 9 883 85 74 1 17
17 6458357 9 878 70 71 1 17
17 7292733 9 881 70 74 1 17
17 6582245 9 879 67 68 1 17
17 4798132 9 872 64 58 1 17
17 5289078 9 874 64 61 1 17
17 5879759 9 877 57 58 1 17
17 5146424 9 873 54 55 1 17
17 5331547 9 875 54 55 1 17
17 5778459 9 876 51 47 1 17
17 4429174 9 871 43 43 1 17
17 3549593 9 865 39 37 1 17
17 4059484 9 869 33 35 1 17
17 4151795 9 870 33 35 1 17
17 3856441 9 867 31 33 1 17
17 3644398 9 866 29 30 1 17
17 1185273 9 856 26 19 2 17
17 2723273 9 863 26 22 2 17
17 1157177 9 855 17 19 2 17
17 1313632 9 857 17 12 2 17
17 2514842 9 862 17 19 2 17
17 2747537 9 864 17 19 2 17
17 777841 9 854 17 19 2 17
17 1964849 9 859 15 19 2 17
17 513856 9 853 11 15 2 17
17 1370709 9 858 8 4 2 17
17 2178547 9 860 8 0 2 17
17 2216824 9 861 0 0 2 17
18 258514 53 898 0 0 1 18
18 1630980 53 899 22 29 1 18
18 1762692 53 900 22 35 1 18
18 2173670 53 901 22 29 1 18
18 2236022 53 902 29 32 1 18
18 2258336 53 903 29 32 1 18
18 2746443 53 904 32 35 1 18
18 3526890 53 906 35 44 1 18
18 3662445 53 907 44 48 1 18
18 3983452 53 908 48 52 1 18
18 4047505 53 909 52 55 1 18
18 4418738 53 911 55 64 1 18
18 5160370 53 912 55 71 1 18
18 5172978 53 913 61 71 1 18
18 6994616 53 922 64 71 1 18
18 5739788 53 914 71 72 1 18
18 5963038 53 917 71 77 1 18
18 5809430 53 916 72 82 1 18
18 6461910 53 919 77 82 1 18
18 6049298 53 918 82 84 1 18
18 6645736 53 920 84 86 1 18
18 6962724 53 921 86 87 1 18
18 7508407 53 924 86 87 1 18
18 7170657 53 923 90 90 1 18
18 8979697 53 931 90 93 1 18
18 7652093 53 926 93 96 1 18
18 8687147 53 929 96 102 1 18
18 9009965 53 932 102 110 1 18
18 9421248 53 933 102 110 1 18
18 9610953 53 934 111 114 1 18
18 9635606 53 935 111 111 1 18
18 10343563 53 937 114 116 1 18
18 11830502 53 942 116 117 2 18
18 11366871 53 941 117 123 2 18
18 8831549 53 930 123 127 1 18
18 11096930 53 940 127 128 2 18
18 9998744 53 936 128 134 1 18
19 11163491 15 982 107 114 2 19
19 11357685 15 983 100 107 2 19
19 8414826 15 976 100 101 1 19
19 9945589 15 979 100 107 2 19
19 11033868 15 981 94 101 2 19
19 11370778 15 984 94 101 2 19
19 10885735 15 980 83 87 2 19
19 8356470 15 975 80 84 1 19
19 8945555 15 977 80 84 1 19
19 11679988 15 985 77 77 2 19
19 8333092 15 974 70 76 1 19
19 7924484 15 973 69 68 1 19
19 7146199 15 971 61 60 1 19
19 6405416 15 966 53 58 1 19
19 7068104 15 970 51 55 1 19
19 6688934 15 967 47 52 1 19
19 6871829 15 969 47 54 1 19
19 6738095 15 968 45 43 1 19
19 5037228 15 962 36 37 1 19
19 5684075 15 964 36 37 1 19
19 4561922 15 960 30 35 1 19
19 4687569 15 961 30 35 1 19
19 3929462 15 958 26 30 1 19
19 5109582 15 963 26 33 1 19
19 4300969 15 959 23 26 1 19
19 3049229 15 954 19 13 1 19
19 3454861 15 956 19 13 1 19
19 2328130 15 951 11 11 1 19
19 2749298 15 953 6 12 1 19
19 1687051 15 949 5 11 1 19
19 1949884 15 950 4 11 1 19
19 151506 15 945 2 9 1 19
19 2651129 15 952 2 0 1 19
19 763731 15 947 2 7 1 19
19 480224 15 946 0 0 1 19
20 11631811 26 1023 0 0 2 20
20 1374516 26 990 0 29 0 20
20 2208376 26 992 11 11 2 20
20 3016205 26 995 19 19 2 20
20 613781 26 986 19 28 2 20
20 702395 26 987 19 23 2 20
20 2233051 26 993 28 29 2 20
20 2856733 26 994 29 33 2 20
20 3060107 26 996 33 35 2 20
20 1748406 26 991 35 45 2 20
20 1034114 26 989 45 48 2 20
20 3863425 26 998 48 62 1 20
20 4349944 26 999 48 62 1 20
20 5533666 26 1000 62 78 1 20
20 6154153 26 1001 78 83 1 20
20 6206350 26 1003 83 85 1 20
20 7946851 26 1009 85 90 2 20
20 6954196 26 1005 90 91 1 20
20 7678404 26 1008 91 94 2 20
20 7004180 26 1006 94 98 1 20
20 7228002 26 1007 98 103 2 20
20 8381220 26 1011 98 103 1 20
20 8798683 26 1013 103 107 1 20
20 9362047 26 1014 107 110 1 20
20 10030862 26 1017 110 116 1 20
20 11186653 26 1020 110 113 1 20
20 9657969 26 1016 110 119 1 20
20 10456390 26 1018 116 119 1 20
20 11347946 26 1021 116 116 1 20
20 10676636 26 1019 119 129 1 20
20 11400801 26 1022 119 119 1 20
21 203548 6 1025 0 0 2 21
21 2733029 6 1038 19 24 2 21
21 810747 6 1028 19 39 2 21
21 99872 6 1024 19 19 2 21
21 2227590 6 1036 24 33 2 21
21 546963 6 1026 33 34 2 21
21 949071 6 1029 33 34 2 21
21 1724722 6 1033 36 39 2 21
21 669090 6 1027 36 43 2 21
21 963060 6 1030 36 36 2 21
21 1110932 6 1031 39 43 2 21
21 2917112 6 1039 43 44 1 21
21 1587298 6 1032 44 45 2 21
21 2718346 6 1037 45 47 2 21
21 3276583 6 1042 47 52 1 21
21 3920231 6 1044 52 54 1 21
21 4912046 6 1048 54 58 1 21
21 4390667 6 1047 58 60 1 21
21 1739383 6 1034 60 63 2 21
21 5214703 6 1050 63 74 1 21
21 5195895 6 1049 74 76 1 21
21 5445416 6 1051 76 82 1 21
21 5960124 6 1052 82 84 1 21
21 6491757 6 1055 84 88 1 21
21 6887388 6 1058 84 96 1 21
21 6618927 6 1057 87 88 1 21
21 6132377 6 1053 91 91 1 21
21 6507179 6 1056 91 96 1 21
21 7129647 6 1060 96 104 1 21
21 8259339 6 1061 104 115 1 21
21 8522830 6 1062 115 118 1 21
21 8862840 6 1063 115 118 1 21
21 9109594 6 1065 121 121 1 21
21 9413237 6 1066 125 138 1 21
21 9912403 6 1067 125 125 1 21
21 10110211 6 1069 138 140 1 21
21 10390801 6 1070 138 140 1 21
21 10682661 6 1072 138 138 1 21
21 9972054 6 1068 138 140 1 21
22 2602682 22 1083 0 0 2 22
22 1032725 22 1074 9 15 2 22
22 1558426 22 1076 9 23 2 22
22 1729610 22 1079 9 23 2 22
22 2287027 22 1082 9 9 2 22
22 1691059 22 1078 17 17 2 22
22 1985305 22 1080 17 19 2 22
22 1261505 22 1075 18 23 2 22
22 1573720 22 1077 18 23 2 22
22 3312175 22 1085 23 36 1 22
22 2979871 22 1084 36 37 1 22
22 3782272 22 1087 37 53 1 22
22 4635806 22 1088 37 53 1 22
22 5294631 22 1089 37 53 1 22
22 5491165 22 1091 37 53 1 22
22 5331226 22 1090 52 53 1 22
22 5734600 22 1092 59 59 1 22
22 5865143 22 1093 59 59 1 22
22 6037890 22 1094 59 59 1 22
22 6240264 22 1096 63 63 1 22
22 6628829 22 1098 63 66 1 22
22 6164422 22 1095 66 73 1 22
22 6601816 22 1097 66 66 1 22
22 6692286 22 1099 66 73 1 22
22 6796034 22 1100 73 79 1 22
22 7507573 22 1102 79 85 1 22
22 8281326 22 1103 90 90 1 22
22 9126986 22 1105 90 99 1 22
22 8916841 22 1104 99 106 1 22
23 2103447 11 1108 0 0 1 23
23 2066440 11 1107 13 24 1 23
23 3652023 11 1117 13 13 2 23
23 2387733 11 1109 24 26 1 23
23 3812310 11 1118 26 27 2 23
23 3205009 11 1112 27 28 2 23
23 3363531 11 1114 28 30 2 23
23 3486185 11 1116 28 30 2 23
23 3179859 11 1111 42 42 2 23
23 4259907 11 1119 42 54 1 23
23 4489630 11 1120 42 50 1 23
23 4500471 11 1121 42 50 1 23
23 8384515 11 1140 50 54 1 23
23 4781139 11 1123 52 54 1 23
23 4950679 11 1124 57 64 1 23
23 5008974 11 1125 57 57 1 23
23 5123594 11 1126 64 65 1 23
23 5308036 11 1127 65 73 1 23
23 5755526 11 1131 65 73 1 23
23 6008370 11 1133 73 75 1 23
23 5606057 11 1130 75 87 1 23
23 6585364 11 1134 87 89 1 23
23 7317442 11 1136 89 91 1 23
23 10185760 11 1150 91 104 1 23
23 9320770 11 1146 91 102 1 23
23 10478656 11 1151 94 102 1 23
23 9045537 11 1144 102 104 1 23
23 9266459 11 1145 102 102 1 23
23 8441649 11 1141 104 108 1 23
24 8029508 21 1174 96 97 2 24
24 6964382 21 1172 72 73 2 24
24 8317804 21 1176 72 70 2 24
24 8082117 21 1175 69 64 2 24
24 8476060 21 1178 63 61 2 24
24 8899759 21 1179 60 57 2 24
24 8926166 21 1180 60 57 2 24
24 9188773 21 1181 55 56 2 24
24 9313227 21 1182 55 49 2 24
24 9603232 21 1183 52 49 2 24
24 10018273 21 1185 48 41 2 24
24 10242766 21 1186 40 38 2 24
24 5560543 21 1169 37 34 1 24
24 5748035 21 1171 37 34 1 24
24 3724305 21 1163 22 12 1 24
24 4507023 21 1166 22 19 1 24
24 4912727 21 1168 22 23 1 24
24 3960643 21 1165 19 19 1 24
24 1993422 21 1159 11 12 1 24
24 2778272 21 1161 11 12 1 24
24 1544372 21 1157 6 7 1 24
24 1077212 21 1155 2 1 1 24
24 729576 21 1152 2 3 1 24
24 901995 21 1154 0 0 1 24
25 749910 18 1190 0 0 2 25
25 2562994 18 1195 6 6 2 25
25 2870705 18 1196 6 8 2 25
25 1230399 18 1191 8 16 2 25
25 1834354 18 1192 16 31 2 25
25 723131 18 1189 16 17 2 25
25 1892237 18 1193 17 31 2 25
25 3261432 18 1197 31 41 1 25
25 3708523 18 1198 41 44 1 25
25 4311509 18 1200 44 49 1 25
25 4212726 18 1199 49 59 1 25
25 4790278 18 1202 49 55 1 25
25 4760004 18 1201 52 59 1 25
25 5037356 18 1203 59 64 1 25
25 5122817 18 1204 59 70 1 25
25 5236220 18 1205 64 70 1 25
25 6196554 18 1207 70 78 1 25
25 6238069 18 1208 70 78 1 25
25 6167428 18 1206 78 82 1 25
25 6648447 18 1209 82 85 1 25
25 6835531 18 1210 85 86 1 25
25 7118767 18 1211 86 93 1 25
25 7480239 18 1213 93 97 1 25
25 7529097 18 1214 97 99 1 25
25 7380952 18 1212 99 100 1 25
25 7984933 18 1215 99 100 1 25
25 9062788 18 1219 99 110 1 25
25 8295668 18 1217 105 105 1 25
25 9555646 18 1220 105 110 1 25
25 9792996 18 1223 105 110 1 25
25 10180820 18 1224 114 114 1 25
25 8846937 18 1218 114 115 1 25
25 9570434 18 1221 115 116 1 25
26 9034063 34 1250 109 104 1 26
26 9397085 34 1252 109 113 1 26
26 7864764 34 1247 100 104 1 26
26 9204916 34 1251 100 90 1 26
26 8077138 34 1248 86 90 1 26
26 6789438 34 1244 74 66 1 26
26 6877479 34 1245 74 66 1 26
26 6214946 34 1242 62 60 1 26
26 4437621 34 1238 56 56 1 26
26 6164506 34 1241 56 56 1 26
26 5603931 34 1239 52 53 1 26
26 3549724 34 1234 49 35 1 26
26 3582646 34 1235 49 35 1 26
26 3978586 34 1237 31 29 1 26
26 3923832 34 1236 25 24 1 26
26 2952967 34 1233 20 10 1 26
26 1840104 34 1231 6 9 1 26
26 1444148 34 1229 5 8 1 26
26 1311909 34 1228 4 7 1 26
26 1880306 34 1232 3 6 1 26
26 194397 34 1225 3 4 1 26
26 1633987 34 1230 0 0 1 26
26 511513 34 1226 0 4 1 26
27 2561340 27 1265 0 0 1 27
27 687736 27 1256 13 21 1 27
27 940584 27 1257 13 13 1 27
27 2276167 27 1263 21 23 1 27
27 6606984 27 1277 23 28 1 27
27 274781 27 1254 28 32 1 27
27 2680383 27 1268 32 35 1 27
27 2627610 27 1267 35 45 1 27
27 1657685 27 1259 45 50 1 27
27 2549095 27 1264 45 51 1 27
27 1395025 27 1258 50 63 1 27
27 622291 27 1255 50 54 1 27
27 2122522 27 1261 54 54 1 27
27 2581125 27 1266 54 59 1 27
27 3100095 27 1269 54 59 1 27
27 3951983 27 1271 59 63 1 27
27 4427656 27 1272 59 60 1 27
27 206974 27 1253 60 62 1 27
27 3380762 27 1270 62 73 1 27
27 2194754 27 1262 73 73 1 27
27 6217198 27 1276 73 90 1 27
27 5862295 27 1275 90 94 1 27
27 5731851 27 1274 94 102 1 27
27 7799515 27 1280 102 116 1 27
27 9847337 27 1283 116 120 1 27
27 6625100 27 1278 120 120 1 27
27 7395760 27 1279 126 131 1 27
27 8166362 27 1281 126 126 1 27
27 9754189 27 1282 131 134 1 27
28 6493349 24 1303 117 125 2 28
28 6665783 24 1304 105 113 2 28
28 7100513 24 1307 105 109 1 28
28 9078700 24 1315 101 103 1 28
28 5773842 24 1302 95 99 2 28
28 7480719 24 1308 91 86 1 28
28 8598026 24 1314 89 97 1 28
28 8138673 24 1310 79 87 1 28
28 8427163 24 1313 79 87 1 28
28 7086846 24 1306 78 86 1 28
28 7505573 24 1309 78 80 1 28
28 6983519 24 1305 72 70 1 28
28 4880864 24 1300 62 56 1 28
28 5062145 24 1301 62 64 1 28
28 3675759 24 1296 48 43 1 28
28 4356138 24 1299 48 48 1 28
28 4020198 24 1298 40 46 1 28
28 3692095 24 1297 35 38 1 28
28 3660969 24 1295 30 34 1 28
28 3340878 24 1293 26 32 1 28
28 2563319 24 1292 24 24 1 28
28 2228286 24 1289 16 22 1 28
28 2434136 24 1291 16 19 1 28
28 1437463 24 1288 11 15 1 28
28 907542 24 1286 11 15 1 28
28 1395081 24 1287 7 8 1 28
28 529886 24 1285 0 0 1 28
29 3173403 29 1325 0 0 2 29
29 399068 29 1318 10 18 1 29
29 586937 29 1319 10 10 1 29
29 717523 29 1321 10 19 1 29
29 1420537 29 1322 19 22 1 29
29 1840657 29 1323 22 27 1 29
29 3894970 29 1326 27 54 0 29
29 5076244 29 1329 54 67 1 29
29 5256977 29 1330 67 70 1 29
29 7582963 29 1336 70 78 1 29
29 5644519 29 1331 78 83 1 29
29 6236147 29 1334 78 84 1 29
29 6187544 29 1333 83 84 1 29
29 7696899 29 1339 85 99 1 29
29 9016251 29 1345 85 85 1 29
29 7641164 29 1338 89 91 1 29
29 7912538 29 1340 89 91 1 29
29 7952129 29 1341 89 99 1 29
29 8074902 29 1342 91 93 1 29
29 8544288 29 1343 91 93 1 29
29 9085178 29 1346 92 93 1 29
29 7426898 29 1335 93 99 1 29
29 7624063 29 1337 93 93 1 29
30 7349110 12 1383 133 125 1 30
30 8815501 12 1387 133 134 1 30
30 8140986 12 1385 124 110 1 30
30 8971200 12 1389 124 107 1 30
30 8080891 12 1384 112 107 1 30
30 8386052 12 1386 112 107 1 30
30 6582971 12 1381 100 101 1 30
30 6924907 12 1382 100 89 1 30
30 5619905 12 1379 88 81 1 30
30 4912489 12 1377 80 76 1 30
30 5057374 12 1378 75 75 1 30
30 4322374 12 1372 74 61 1 30
30 4639515 12 1374 74 62 1 30
30 4845249 12 1376 74 62 1 30
30 4301505 12 1371 61 61 1 30
30 4680106 12 1375 61 61 1 30
30 3945073 12 1370 60 57 1 30
30 3721854 12 1367 56 54 1 30
30 3856214 12 1369 56 54 1 30
30 3761766 12 1368 53 52 1 30
30 2614994 12 1365 51 37 1 30
30 2537073 12 1364 36 34 1 30
30 3095448 12 1366 33 32 1 30
30 2155874 12 1362 31 30 1 30
30 1720370 12 1360 29 26 1 30
30 1657383 12 1359 27 27 1 30
30 650839 12 1352 26 26 1 30
30 1066580 12 1356 25 24 1 30
30 941870 12 1355 25 24 1 30
30 1188655 12 1357 19 20 1 30
30 2116752 12 1361 10 9 1 30
30 379393 12 1348 10 11 1 30
30 594066 12 1351 8 7 1 30
30 1441730 12 1358 6 1 1 30
30 305164 12 1347 0 0 1 30
31 7835066 23 1419 131 132 2 31
31 8124584 23 1420 112 113 2 31
31 8402297 23 1421 112 108 2 31
31 6053825 23 1413 107 107 2 31
31 6336345 23 1414 107 108 2 31
31 8731218 23 1423 106 95 2 31
31 8768505 23 1424 106 95 2 31
31 4855284 23 1409 94 87 1 31
31 6694687 23 1415 94 87 2 31
31 6807767 23 1416 86 83 2 31
31 7132816 23 1418 82 76 2 31
31 7027293 23 1417 75 70 2 31
31 4872732 23 1410 69 54 1 31
31 4230709 23 1407 53 46 1 31
31 4474328 23 1408 53 46 1 31
31 3521902 23 1406 45 37 1 31
31 3078373 23 1403 36 34 1 31
31 2932040 23 1400 33 33 1 31
31 3054360 23 1402 32 29 1 31
31 3331861 23 1404 28 20 1 31
31 3373617 23 1405 28 20 1 31
31 2352719 23 1398 19 8 1 31
31 2753155 23 1399 19 13 1 31
31 2261749 23 1397 12 8 1 31
31 1241452 23 1393 6 0 1 31
31 1270365 23 1394 6 2 1 31
31 1905053 23 1396 6 7 1 31
31 277466 23 1391 6 0 1 31
31 269002 23 1390 3 2 1 31
31 977152 23 1392 1 1 1 31
31 1403681 23 1395 0 0 1 31
32 281477 44 1427 0 0 1 32
32 1655227 44 1430 8 8 1 32
32 1904661 44 1431 8 8 1 32
32 1537037 44 1429 11 27 1 32
32 4181905 44 1434 27 34 1 32
32 3381195 44 1433 34 36 1 32
32 4731080 44 1436 36 43 1 32
32 6780201 44 1440 43 56 1 32
32 6410321 44 1437 56 62 1 32
32 6425833 44 1438 62 76 1 32
32 6655054 44 1439 62 76 1 32
32 7045779 44 1441 76 78 1 32
32 7436697 44 1444 78 81 1 32
32 8698070 44 1448 81 93 1 32
32 8661454 44 1447 83 93 1 32
32 7981780 44 1445 93 99 1 32
33 7607826 43 1469 92 98 1 33
33 6880988 43 1466 82 85 1 33
33 6956130 43 1467 82 85 1 33
33 7381016 43 1468 82 88 1 33
33 5495181 43 1464 76 73 1 33
33 6579318 43 1465 76 82 1 33
33 5306893 43 1463 67 71 1 33
33 5174737 43 1461 65 63 1 33
33 5283966 43 1462 65 68 1 33
33 4650723 43 1460 57 52 1 33
33 3886263 43 1459 46 51 1 33
33 3515627 43 1458 45 38 1 33
33 2955744 43 1457 32 34 1 33
33 2880422 43 1456 28 33 1 33
33 1946696 43 1453 27 28 1 33
33 2402954 43 1455 27 27 1 33
33 1694374 43 1451 10 16 1 33
33 1796723 43 1452 10 6 1 33
33 71110 43 1449 10 16 1 33
33 1650710 43 1450 0 0 1 33
34 387521 39 1470 0 0 1 34
34 2112718 39 1472 8 9 1 34
34 2384790 39 1473 8 8 1 34
34 1892946 39 1471 9 20 1 34
34 2751826 39 1474 20 28 1 34
34 3078733 39 1475 28 34 1 34
34 3465145 39 1479 34 36 1 34
34 3273447 39 1477 36 39 1 34
34 3311379 39 1478 39 60 0 34
34 3520430 39 1480 39 60 0 34
34 4483716 39 1481 60 62 1 34
34 5488697 39 1482 62 70 1 34
34 6599749 39 1486 70 75 1 34
34 6031427 39 1483 75 77 1 34
34 6199747 39 1484 77 82 1 34
34 8037946 39 1489 82 95 2 34
34 8712810 39 1493 82 94 2 34
34 7746487 39 1488 94 95 2 34
34 6477166 39 1485 98 102 1 34
34 8439253 39 1491 98 98 2 34
34 6621404 39 1487 102 109 1 34
35 7036693 19 1526 120 120 2 35
35 5743302 19 1521 109 109 2 35
35 6794619 19 1524 109 109 2 35
35 8092876 19 1528 109 109 2 35
35 8359389 19 1529 100 100 2 35
35 5654722 19 1519 89 89 2 35
35 6974603 19 1525 89 84 2 35
35 7891822 19 1527 84 76 2 35
35 5786559 19 1523 76 73 1 35
35 5583695 19 1518 73 72 1 35
35 5684218 19 1520 72 71 1 35
35 5754865 19 1522 71 66 1 35
35 4938036 19 1516 66 60 1 35
35 4398287 19 1513 60 56 1 35
35 4596792 19 1514 60 54 1 35
35 4112346 19 1511 57 53 1 35
35 4241919 19 1512 56 53 1 35
35 5363538 19 1517 53 51 1 35
35 4013204 19 1510 51 44 1 35
35 3587255 19 1507 44 41 1 35
35 3637900 19 1508 41 35 1 35
35 3555437 19 1506 35 34 1 35
35 3043741 19 1502 34 27 1 35
35 3121555 19 1503 34 27 1 35
35 3179083 19 1504 34 27 1 35
35 3230862 19 1505 28 27 1 35
35 2550089 19 1500 21 20 1 35
35 631790 19 1495 20 0 1 35
35 3827647 19 1509 15 13 1 35
35 2118544 19 1498 13 9 1 35
35 1288915 19 1497 11 9 1 35
35 789498 19 1496 11 9 1 35
35 2375830 19 1499 6 0 1 35
35 89023 19 1494 6 6 1 35
35 2624634 19 1501 0 0 1 35
36 6645615 40 1548 109 109 1 36
36 8000402 40 1551 109 115 1 36
36 7857422 40 1550 103 108 1 36
36 5831062 40 1547 102 80 0 36
36 6838443 40 1549 102 103 1 36
36 4919510 40 1544 97 94 1 36
36 4761440 40 1542 88 92 1 36
36 5387343 40 1546 86 84 1 36
36 4789425 40 1543 74 76 1 36
36 4943562 40 1545 70 74 1 36
36 4359440 40 1540 68 64 1 36
36 4386526 40 1541 68 64 1 36
36 3894335 40 1539 58 61 1 36
36 3414031 40 1538 55 54 1 36
36 3110307 40 1535 48 45 1 36
36 649710 40 1531 39 35 2 36
36 1535765 40 1533 29 29 2 36
36 1895768 40 1534 16 22 2 36
36 3343896 40 1537 16 6 1 36
36 770953 40 1532 0 0 2 36
37 7291457 37 1571 100 99 1 37
37 7765965 37 1572 100 104 1 37
37 6418775 37 1569 86 90 1 37
37 6842342 37 1570 86 78 1 37
37 8026317 37 1573 86 90 1 37
37 6351931 37 1568 77 59 0 37
37 8056351 37 1574 55 49 1 37
37 1102159 37 1553 45 37 1 37
37 4121948 37 1564 33 33 1 37
37 3943875 37 1563 29 30 1 37
37 3068053 37 1558 26 17 1 37
37 3187188 37 1560 26 18 1 37
37 3161931 37 1559 13 16 1 37
37 3272570 37 1561 13 16 1 37
37 1798315 37 1554 10 12 1 37
37 2823232 37 1557 10 12 1 37
37 1809776 37 1555 0 0 1 37
37 2796385 37 1556 0 4 1 37
37 77855 37 1552 0 0 1 37
38 7200361 45 1593 95 98 1 38
38 6539097 45 1591 86 89 1 38
38 6611725 45 1592 86 87 1 38
38 6514098 45 1590 84 85 1 38
38 5359983 45 1585 82 82 1 38
38 5553668 45 1586 82 82 1 38
38 6037297 45 1587 82 82 1 38
38 6252844 45 1588 82 82 1 38
38 4780526 45 1584 70 73 1 38
38 6480117 45 1589 70 54 1 38
38 3745802 45 1582 51 46 1 38
38 3015611 45 1580 43 25 0 38
38 3067894 45 1581 33 25 1 38
38 2426530 45 1579 22 10 1 38
38 1273609 45 1577 7 3 1 38
38 460345 45 1575 0 0 1 38
39 3782468 31 1610 0 0 2 39
39 3578598 31 1607 13 13 2 39
39 3710386 31 1608 13 13 2 39
39 2747749 31 1603 16 23 2 39
39 3063435 31 1604 16 23 2 39
39 3300347 31 1605 23 24 2 39
39 3961832 31 1611 23 24 2 39
39 1463690 31 1600 27 40 2 39
39 2277563 31 1602 27 27 2 39
39 1326291 31 1599 40 43 2 39
39 1142846 31 1598 43 58 2 39
39 313966 31 1594 58 69 2 39
39 835681 31 1596 58 69 2 39
39 463954 31 1595 69 75 2 39
39 4132561 31 1612 75 78 1 39
39 4719569 31 1613 78 84 1 39
39 4793816 31 1614 84 91 1 39
39 5518507 31 1616 88 91 1 39
39 5672521 31 1617 91 95 1 39
39 5983444 31 1618 95 105 1 39
39 6739894 31 1619 105 106 1 39
39 7305424 31 1621 106 109 1 39
39 6781024 31 1620 109 111 1 39
39 7463121 31 1622 111 114 1 39
40 7676321 30 1647 105 111 1 40
40 7336486 30 1645 80 85 1 40
40 7857464 30 1648 80 85 1 40
40 7441794 30 1646 79 83 1 40
40 6506451 30 1643 77 82 1 40
40 6191987 30 1642 76 77 1 40
40 6032398 30 1641 71 74 1 40
40 5495212 30 1640 68 64 1 40
40 7267651 30 1644 68 64 1 40
40 5058824 30 1638 58 50 1 40
40 5320461 30 1639 58 50 1 40
40 4926216 30 1637 44 45 1 40
40 4576848 30 1635 39 44 1 40
40 3820985 30 1633 38 14 0 40
40 2524714 30 1630 8 8 1 40
40 1049706 30 1626 2 6 1 40
40 2047993 30 1629 0 0 1 40
40 630426 30 1623 0 6 1 40
41 918102 25 1650 0 0 1 41
41 1120335 25 1651 8 13 1 41
41 733896 25 1649 8 8 1 41
41 2126474 25 1654 13 17 1 41
41 2568685 25 1657 13 17 1 41
41 1698004 25 1652 18 26 1 41
41 2156638 25 1655 18 18 1 41
41 2635994 25 1659 26 33 1 41
41 2278483 25 1656 33 35 1 41
41 2658312 25 1660 35 38 1 41
41 2776385 25 1661 35 38 1 41
41 2988612 25 1662 35 38 1 41
41 3228900 25 1663 35 38 1 41
41 3419988 25 1666 38 38 1 41
41 2591883 25 1658 43 43 1 41
41 3368993 25 1664 43 47 1 41
41 3684986 25 1668 47 55 1 41
41 3723893 25 1669 47 64 1 41
41 3650457 25 1667 64 64 1 41
41 4664986 25 1670 64 68 1 41
41 4772630 25 1671 68 77 1 41
41 5036435 25 1672 77 84 1 41
41 7570676 25 1682 84 92 2 41
41 7326709 25 1681 92 93 2 41
41 7637212 25 1684 92 93 2 41
41 5563269 25 1673 96 96 1 41
41 6929105 25 1677 96 99 2 41
41 7137804 25 1679 99 99 2 41
41 7024661 25 1678 103 108 2 41
41 5876349 25 1675 108 111 2 41
41 6440443 25 1676 108 108 2 41
42 6221265 41 1705 89 95 1 42
42 5854364 41 1703 81 79 1 42
42 5899732 41 1704 81 83 1 42
42 6407243 41 1706 81 87 1 42
42 5434843 41 1702 73 78 1 42
42 5402230 41 1701 72 76 1 42
42 4895024 41 1700 70 67 1 42
42 4719364 41 1699 61 62 1 42
42 4455098 41 1698 56 60 1 42
42 4242434 41 1696 54 57 1 42
42 4346027 41 1697 51 51 1 42
42 3117741 41 1694 45 36 1 42
42 2924232 41 1693 30 29 1 42
42 2427457 41 1691 23 22 1 42
42 2573060 41 1692 23 22 1 42
42 2245985 41 1690 18 22 1 42
42 1857105 41 1689 16 13 1 42
42 1009673 41 1688 7 12 1 42
42 400470 41 1685 6 6 1 42
42 844066 41 1687 0 0 1 42
43 478221 46 1708 0 0 1 43
43 1234502 46 1710 6 17 1 43
43 329756 46 1707 6 6 1 43
43 664858 46 1709 6 8 1 43
43 1621375 46 1711 17 17 1 43
43 2552753 46 1712 22 32 1 43
43 3258668 46 1713 32 47 1 43
43 4082892 46 1714 32 47 1 43
43 4158271 46 1716 47 50 1 43
43 4647230 46 1717 50 51 1 43
43 4888862 46 1718 51 55 1 43
43 4122780 46 1715 55 66 1 43
43 5895347 46 1719 76 83 1 43
43 6089952 46 1721 83 83 1 43
44 13608 32 1723 0 0 1 44
44 817638 32 1727 0 4 1 44
44 3805212 32 1735 4 4 1 44
44 882580 32 1728 4 6 1 44
44 712294 32 1726 6 7 1 44
44 35508 32 1724 7 10 1 44
44 1135238 32 1729 10 14 1 44
44 682933 32 1725 14 18 1 44
44 2484496 32 1730 18 23 1 44
44 3365640 32 1733 23 28 1 44
44 3388949 32 1734 23 28 1 44
44 3324027 32 1732 28 33 1 44
44 4131473 32 1738 33 40 1 44
44 3956092 32 1737 37 40 1 44
44 4563969 32 1740 40 42 1 44
44 3897100 32 1736 42 45 1 44
44 4248498 32 1739 45 53 1 44
44 4797755 32 1741 53 68 1 44
44 6016215 32 1746 68 74 1 44
44 5548095 32 1742 74 82 1 44
44 5990909 32 1745 74 81 1 44
44 5937254 32 1744 81 82 1 44
44 6874299 32 1747 88 88 1 44
44 7186681 32 1748 93 93 1 44
44 7226114 32 1749 93 104 1 44
44 7287400 32 1750 93 93 1 44
45 500269 36 1751 0 0 1 45
45 581255 36 1752 0 31 0 45
45 1290245 36 1753 31 40 1 45
45 1995736 36 1754 31 40 1 45
45 2890567 36 1761 33 42 1 45
45 2190604 36 1756 40 42 1 45
45 2057679 36 1755 42 43 1 45
45 2421115 36 1757 43 47 1 45
45 2516835 36 1758 47 49 1 45
45 2848034 36 1760 47 49 1 45
45 2641292 36 1759 49 54 1 45
45 3276100 36 1762 54 71 1 45
45 3763009 36 1763 71 73 1 45
45 4231378 36 1765 73 76 1 45
45 5505378 36 1770 78 79 2 45
45 4107709 36 1764 79 83 1 45
45 5290189 36 1769 83 85 2 45
45 4453456 36 1766 85 89 1 45
45 4656242 36 1767 89 90 1 45
45 4978130 36 1768 90 98 2 45
45 7097521 36 1775 98 107 1 45
45 6461088 36 1772 101 107 1 45
45 6966551 36 1774 106 107 1 45
45 6092161 36 1771 107 110 1 45
45 6477520 36 1773 110 110 1 45
46 804441 50 1777 0 0 1 46
46 1976731 50 1779 18 18 1 46
46 3910028 50 1783 18 25 1 46
46 2565971 50 1780 25 34 1 46
46 3852028 50 1782 34 50 1 46
46 4728289 50 1786 50 54 1 46
46 4621407 50 1784 54 72 1 46
46 6192347 50 1788 72 78 1 46
46 6566758 50 1789 78 82 1 46
46 5622024 50 1787 82 90 1 46
47 2945631 33 1801 146 146 2 47
47 4179290 33 1805 146 133 2 47
47 4938565 33 1808 133 120 2 47
47 4547626 33 1806 120 120 2 47
47 6125853 33 1813 107 107 1 47
47 5689794 33 1810 100 82 1 47
47 6081736 33 1812 100 95 1 47
47 6153748 33 1814 100 82 1 47
47 5969091 33 1811 94 82 1 47
47 6583500 33 1815 94 82 1 47
47 4727937 33 1807 82 80 1 47
47 5440663 33 1809 80 71 1 47
47 4096095 33 1804 71 62 1 47
47 3435834 33 1803 62 45 1 47
47 3217096 33 1802 45 39 1 47
47 2751258 33 1800 39 34 1 47
47 2332257 33 1797 34 25 1 47
47 2736861 33 1799 34 23 1 47
47 2509178 33 1798 23 23 1 47
47 793759 33 1792 23 21 2 47
47 329547 33 1790 21 19 2 47
47 1512203 33 1794 19 9 2 47
47 1611911 33 1795 19 9 2 47
47 1302394 33 1793 16 9 2 47
47 1743597 33 1796 0 0 2 47
48 6121349 47 1834 100 102 1 48
48 5936368 47 1833 87 89 1 48
48 6535212 47 1836 87 73 1 48
48 6383775 47 1835 71 71 1 48
48 5887856 47 1832 69 67 1 48
48 4479712 47 1830 65 56 1 48
48 3236715 47 1823 54 55 1 48
48 3826865 47 1825 54 47 1 48
48 3863157 47 1826 53 51 1 48
48 3488128 47 1824 51 46 1 48
48 3910741 47 1827 49 46 1 48
48 2798280 47 1822 44 36 1 48
48 4600277 47 1831 44 36 1 48
48 2340658 47 1820 34 35 1 48
48 1453740 47 1817 33 24 1 48
48 2119110 47 1819 22 18 1 48
48 1246520 47 1816 16 10 1 48
48 2040050 47 1818 8 2 1 48
48 2373550 47 1821 0 0 1 48
49 489169 49 1839 0 0 1 49
49 347317 49 1837 5 9 1 49
49 395850 49 1838 5 5 1 49
49 1641965 49 1843 9 16 1 49
49 677201 49 1840 9 15 1 49
49 985206 49 1842 16 39 0 49
49 763488 49 1841 24 39 1 49
49 3379608 49 1846 39 44 1 49
49 4605721 49 1848 44 50 1 49
49 4999247 49 1849 60 83 0 49
49 5066901 49 1850 60 60 1 49
49 5579361 49 1851 83 87 1 49
50 2069208 28 1864 0 0 1 50
50 108564 28 1852 11 25 1 50
50 1395291 28 1858 11 25 1 50
50 154685 28 1853 11 11 1 50
50 2023126 28 1863 11 25 1 50
50 219990 28 1855 11 18 1 50
50 417452 28 1856 11 18 1 50
50 1473766 28 1859 23 25 1 50
50 1581123 28 1860 23 25 1 50
50 196756 28 1854 25 27 1 50
50 1873379 28 1862 27 28 1 50
50 811676 28 1857 28 35 1 50
50 2922646 28 1868 35 42 1 50
50 2505462 28 1866 42 46 1 50
50 2437646 28 1865 46 50 1 50
50 1601841 28 1861 50 54 1 50
50 2832315 28 1867 54 70 1 50
50 3612963 28 1870 70 89 1 50
50 3419292 28 1869 89 94 1 50
50 3633749 28 1871 94 96 1 50
50 4321627 28 1872 96 104 1 50
50 4724559 28 1874 96 113 1 50
50 4834434 28 1875 104 107 1 50
50 5686108 28 1878 113 114 1 50
50 4954306 28 1876 114 125 1 50
50 5673142 28 1877 114 117 1 50
50 4500623 28 1873 125 125 1 50
50 6354064 28 1880 125 129 1 50
51 467269 48 1882 0 4 1 51
51 863798 48 1885 0 0 1 51
51 698894 48 1884 4 5 1 51
51 1774349 48 1887 5 12 1 51
51 629621 48 1883 5 12 1 51
51 1861140 48 1888 9 12 1 51
51 1380006 48 1886 12 16 1 51
51 2617880 48 1889 16 20 1 51
51 2661346 48 1890 20 28 1 51
51 3626735 48 1891 28 38 1 51
51 4094023 48 1893 38 42 1 51
51 5395204 48 1895 42 52 1 51
51 4574106 48 1894 52 65 1 51
51 5469420 48 1896 65 78 1 51
52 5226059 38 1916 103 101 1 52
52 5545079 38 1918 103 104 1 52
52 5895485 38 1919 100 92 1 52
52 6003238 38 1921 91 89 1 52
52 5459166 38 1917 88 85 1 52
52 4393639 38 1914 84 82 1 52
52 4313303 38 1913 81 77 1 52
52 460974 38 1899 76 57 2 52
52 274238 38 1898 56 53 2 52
52 477296 38 1900 52 50 2 52
52 1831343 38 1906 49 26 0 52
52 736118 38 1902 49 41 2 52
52 574233 38 1901 40 39 2 52
52 977623 38 1903 38 31 2 52
52 1328819 38 1905 30 31 2 52
52 1220261 38 1904 27 28 2 52
52 1960947 38 1907 27 26 2 52
52 2508598 38 1908 25 12 2 52
52 2594105 38 1909 11 6 2 52
52 3117463 38 1912 11 6 2 52
52 2898361 38 1911 5 1 2 52
52 2866908 38 1910 0 0 2 52
