1 32179853 1 80 0 2 1
1 32707210 1 82 0 0 1
1 31619494 1 79 3 6 1
1 32692290 1 81 3 3 1
1 29867842 1 78 6 11 1
1 29285705 1 76 11 12 1
1 29750167 1 77 11 12 1
1 28789178 1 73 20 31 1
1 28814791 1 74 20 31 1
1 28915518 1 75 20 31 1
1 28139617 1 71 31 36 1
1 28208575 1 72 31 36 1
1 27746703 1 70 36 43 1
1 27608308 1 69 39 43 1
1 26399444 1 68 43 50 1
1 24928100 1 66 50 64 1
1 25100574 1 67 50 64 1
1 24107239 1 63 64 70 1
1 24493191 1 64 64 70 1
1 24540913 1 65 70 75 1
1 21028647 1 60 75 87 1
1 21644230 1 61 87 88 1
1 20781587 1 58 88 95 1
1 20802551 1 59 88 90 1
1 19320697 1 54 92 92 1
1 20006942 1 56 92 95 1
1 22053918 1 62 92 95 1
1 19248337 1 53 95 98 1
1 20624000 1 57 95 105 1
1 17642404 1 51 98 101 1
1 17919483 1 52 101 102 1
1 19519892 1 55 102 105 1
1 17483747 1 49 105 106 1
1 16460677 1 47 106 112 1
1 16786147 1 48 106 108 1
1 16012085 1 46 108 115 1
1 15316434 1 43 114 117 1
1 15371083 1 44 114 117 1
1 15765440 1 45 114 115 1
1 13461266 1 40 117 129 1
1 14278794 1 41 117 124 1
1 14508534 1 42 117 124 1
1 12454768 1 38 124 129 1
1 12546603 1 39 124 129 1
1 11560579 1 36 129 134 1
1 11227247 1 35 134 138 1
1 12063813 1 37 138 142 1
1 10711888 1 34 142 143 1
1 10281934 1 33 143 148 1
1 10017917 1 32 148 150 1
1 9145964 1 30 150 155 1
1 9341343 1 31 150 156 1
1 9094408 1 29 155 161 1
1 8628409 1 26 161 164 1
1 8969480 1 28 161 161 1
1 8359803 1 23 164 173 1
1 8382713 1 24 164 166 1
1 8411725 1 25 164 166 1
1 7536599 1 19 171 179 1
1 7708666 1 20 171 171 1
1 7908491 1 22 171 173 1
1 7765061 1 21 172 180 1
1 7306065 1 18 173 186 1
1 8813966 1 27 179 186 1
1 6790992 1 16 186 189 1
1 7058547 1 17 186 189 1
1 6323136 1 13 193 195 1
1 6359262 1 14 193 203 1
1 6719654 1 15 193 198 1
1 4838850 1 12 195 198 1
1 4529872 1 11 198 203 1
1 3580596 1 9 203 213 1
1 3702067 1 10 203 209 1
1 3079565 1 8 208 213 1
1 1669721 1 4 213 221 1
1 1769821 1 6 213 215 1
1 2123270 1 7 213 221 1
1 1725886 1 5 215 221 1
1 1490116 1 3 221 227 1
1 857604 1 1 221 221 1
1 960108 1 2 221 227 1
2 32213163 2 191 0 0 1
2 32469265 2 193 0 0 1
2 30598075 2 183 9 10 1
2 31267355 2 186 9 10 1
2 32364635 2 192 9 10 1
2 32533813 2 194 9 9 1
2 32704001 2 195 9 10 1
2 29725934 2 180 12 12 1
2 29774767 2 181 12 14 1
2 31401716 2 187 12 19 1
2 30666741 2 184 14 19 1
2 31855596 2 189 14 19 1
2 32073359 2 190 14 19 1
2 28351387 2 177 19 22 1
2 29053980 2 179 19 37 1
2 28158004 2 176 22 37 1
2 28777071 2 178 22 37 1
2 26305644 2 170 37 44 1
2 26803745 2 173 37 39 1
2 26197863 2 169 39 44 1
2 25165264 2 166 44 56 1
2 26567389 2 171 44 52 1
2 26985911 2 174 44 56 1
2 25190493 2 167 52 56 1
2 27092494 2 175 56 57 1
2 24129621 2 163 57 71 1
2 25116882 2 165 57 68 1
2 22811789 2 159 68 71 1
2 23690837 2 162 68 71 1
2 23507725 2 161 71 74 1
2 22182029 2 157 74 81 1
2 19747309 2 147 81 90 1
2 19813085 2 148 81 90 1
2 20784692 2 155 89 93 1
2 20129424 2 150 90 93 1
2 20223771 2 151 90 95 1
2 20444627 2 152 90 96 1
2 20635090 2 154 90 93 1
2 20613019 2 153 94 95 1
2 19471622 2 145 95 96 1
2 18254731 2 139 96 99 1
2 18281057 2 140 96 107 1
2 18303897 2 141 96 99 1
2 14991257 2 129 103 108 1
2 16533821 2 132 103 113 1
2 16782882 2 134 103 108 1
2 16837901 2 136 103 113 1
2 19191007 2 143 103 103 1
2 16585136 2 133 109 112 1
2 17806390 2 138 109 110 1
2 18796642 2 142 109 112 1
2 16398597 2 131 110 112 1
2 14564960 2 128 112 112 1
2 14431555 2 127 113 116 1
2 17275622 2 137 113 113 1
2 19216833 2 144 116 120 1
2 12687180 2 123 120 128 1
2 12804850 2 124 120 128 1
2 13183001 2 125 120 128 1
2 13613521 2 126 128 136 1
2 11437219 2 120 136 141 1
2 11979129 2 121 136 146 1
2 10825815 2 118 138 146 1
2 9700725 2 114 138 146 1
2 11313452 2 119 144 146 1
2 10092062 2 117 146 148 1
2 9764763 2 116 146 152 1
2 9164927 2 112 152 153 1
2 9714553 2 115 153 159 1
2 7496863 2 110 159 172 1
2 8368909 2 111 159 167 1
2 7437619 2 109 167 172 1
2 6882830 2 108 172 178 1
2 6507264 2 107 178 180 1
2 5854899 2 104 180 187 1
2 6109175 2 105 180 188 1
2 5469920 2 103 184 188 1
2 5276473 2 100 187 188 1
2 5439929 2 102 195 195 1
2 6323620 2 106 195 195 1
2 5184754 2 99 198 200 1
2 5361761 2 101 198 198 1
2 3519183 2 98 200 203 1
2 2240054 2 94 203 205 1
2 2695156 2 96 203 205 1
2 1902597 2 91 204 205 1
2 17994 2 83 208 210 1
2 3477040 2 97 208 208 1
2 797817 2 87 210 210 1
2 685977 2 86 218 222 1
2 892607 2 89 218 218 1
3 1179200 51 198 0 0 1
3 1345120 51 199 15 17 1
3 1622064 51 200 15 17 1
3 1918614 51 201 15 19 1
3 859014 51 197 15 15 1
3 3385334 51 202 17 19 1
3 5289584 51 206 19 28 1
3 3880315 51 204 28 31 1
3 3806630 51 203 31 38 1
3 4579592 51 205 31 38 1
3 5719861 51 209 31 38 1
3 5505709 51 208 38 38 1
3 5826164 51 210 38 46 1
3 6360599 51 211 42 46 1
3 6715404 51 212 46 50 1
3 10597424 51 220 50 69 2
3 10790981 51 221 50 69 2
3 7065805 51 213 50 69 2
3 7555975 51 214 50 64 2
3 8018285 51 216 50 69 2
3 9974538 51 219 62 64 2
3 12447467 51 225 67 69 2
3 9922294 51 217 67 67 2
3 9951921 51 218 69 73 2
3 13574752 51 231 73 75 2
3 12463250 51 226 75 76 2
3 7888164 51 215 76 80 2
3 10832162 51 222 80 84 2
3 12877947 51 227 84 94 2
3 13209194 51 230 84 99 2
3 11185469 51 223 94 99 2
3 11847877 51 224 99 100 2
3 13648381 51 232 100 110 2
3 14533982 51 233 100 110 2
3 13158758 51 229 106 110 2
3 14651419 51 234 119 125 1
3 14981941 51 235 119 125 1
3 16873123 51 236 125 129 1
3 17265294 51 237 125 130 1
3 17651846 51 239 130 139 1
3 18232979 51 240 139 142 1
3 18729351 51 242 142 151 1
3 21176233 51 246 151 158 1
3 21965533 51 248 158 159 1
3 21106036 51 245 159 162 1
3 21506539 51 247 162 169 1
3 23917206 51 253 162 173 1
3 23279469 51 249 164 173 1
3 23319869 51 250 167 173 1
3 23851709 51 252 169 172 1
3 23599911 51 251 172 173 1
3 24508851 51 254 172 173 1
4 15757014 52 303 0 0 1
4 16463115 52 305 0 7 1
4 16628462 52 306 0 7 1
4 16829425 52 307 0 7 1
4 17362638 52 309 0 1 1
4 17073966 52 308 1 7 1
4 13869129 52 298 7 9 1
4 12359924 52 294 9 12 1
4 14841532 52 301 12 14 1
4 13254334 52 295 14 22 1
4 10773978 52 291 22 27 1
4 10039256 52 288 27 31 1
4 9270852 52 286 31 36 1
4 10621366 52 289 36 40 1
4 9366457 52 287 40 44 1
4 10725637 52 290 44 49 1
4 9206906 52 285 44 52 1
4 7724094 52 283 52 62 1
4 7813804 52 284 52 62 1
4 6733915 52 278 68 73 1
4 6811607 52 279 68 68 1
4 6899342 52 280 68 68 1
4 5403382 52 273 70 73 1
4 6201756 52 275 70 70 1
4 6418791 52 277 72 73 1
4 4722972 52 271 83 83 1
4 5357207 52 272 85 91 1
4 4353335 52 269 91 95 1
4 96681 52 257 95 101 2
4 1423090 52 261 99 101 2
4 1858225 52 264 101 101 2
4 2564143 52 266 101 116 2
5 109690 35 310 0 0 2
5 8172998 42 340 0 0 2
5 8519707 42 341 0 8 1
5 926153 35 314 0 3 1
5 329882 35 311 3 16 1
5 520290 35 312 3 16 1
5 580280 35 313 3 13 1
5 7360431 42 338 15 15 2
5 7895093 42 339 15 27 1
5 8594243 42 342 15 27 1
5 8869455 42 344 15 27 1
5 1316600 35 315 16 16 1
5 1514214 35 316 16 16 1
5 1581502 35 317 21 27 1
5 1773363 35 318 21 27 1
5 2663616 35 319 27 31 1
5 9674879 42 346 27 29 1
5 11164774 42 347 29 45 1
5 4379823 35 326 31 45 1
5 11274190 42 348 45 49 1
5 4603541 35 329 45 48 1
5 5220665 35 330 48 51 1
5 14327639 42 358 49 57 1
5 2944711 35 321 51 55 1
5 6808475 35 337 51 55 2
5 11989364 42 349 57 65 1
5 3891604 35 325 59 59 1
5 4559885 35 327 59 61 1
5 12501724 42 350 65 66 1
5 12753842 42 353 66 74 1
5 12866265 42 354 66 74 1
5 5388377 35 331 67 67 1
5 5945640 35 332 67 81 1
5 13121123 42 355 74 83 1
5 14387610 42 359 74 91 2
5 13524716 42 356 80 91 1
5 6728623 35 335 81 92 1
5 13592825 42 357 91 92 1
5 6777863 35 336 92 96 2
5 6484422 35 334 96 104 1
6 1639004 3 364 0 0 1
6 182576 3 360 0 7 1
6 758224 3 362 0 7 1
6 1807013 3 365 13 13 1
6 2148493 3 366 13 16 1
6 2322762 3 367 13 16 1
6 2543655 3 368 13 16 1
6 500841 3 361 13 13 1
6 926794 3 363 13 22 1
6 4202654 3 373 21 23 1
6 3435170 3 370 22 24 1
6 3845762 3 371 22 24 1
6 4497484 3 374 28 35 1
6 4977745 3 375 35 43 1
6 5379838 3 376 43 48 1
6 5742336 3 377 48 49 1
6 6439830 3 379 49 57 1
6 7414898 3 383 55 55 1
6 6543017 3 380 57 57 1
6 7218202 3 382 57 60 1
6 9048876 3 387 57 60 2
6 7109105 3 381 60 67 1
6 7897309 3 384 60 80 1
6 7923249 3 385 64 80 1
6 10496243 3 389 80 83 1
6 10168825 3 388 83 85 1
6 10806324 3 390 85 89 1
6 11146928 3 391 89 92 1
6 11555771 3 392 92 97 1
6 11991422 3 393 97 108 1
6 12010783 3 394 97 107 1
6 12122531 3 395 108 108 1
6 14685476 3 404 108 110 2
6 13195766 3 399 110 116 2
6 13123546 3 398 111 116 2
6 14708637 3 405 116 126 2
6 12902375 3 397 128 135 2
6 13258325 3 400 128 128 2
6 13658413 3 401 128 128 2
6 14395165 3 403 128 128 2
6 12669456 3 396 135 139 2
7 13012938 7 446 0 0 1
7 14159619 7 450 0 0 1
7 13183392 7 447 11 11 1
7 13574080 7 448 11 11 1
7 10748795 7 440 12 13 1
7 11439418 7 442 12 13 1
7 11944889 7 444 12 13 1
7 11235166 7 441 16 18 1
7 12530305 7 445 16 16 1
7 9488748 7 436 16 27 1
7 10079867 7 439 18 19 1
7 10003694 7 438 19 21 1
7 9827766 7 437 21 26 1
7 8648443 7 433 24 27 1
7 8365275 7 432 27 32 1
7 8028974 7 431 32 34 1
7 9067417 7 435 34 37 1
7 11676813 7 443 37 48 1
7 7457770 7 429 48 56 1
7 6685495 7 427 56 63 1
7 7169153 7 428 56 63 1
7 7744946 7 430 56 58 1
7 6037814 7 424 65 78 1
7 6242841 7 425 65 65 1
7 5223766 7 422 78 81 1
7 5528716 7 423 78 81 1
7 3967418 7 419 88 95 1
7 4504065 7 421 88 88 1
7 1912596 7 411 95 102 1
7 2021696 7 412 95 103 1
7 2200640 7 414 95 103 1
7 2676732 7 416 95 102 1
7 2850491 7 418 95 100 1
7 2118114 7 413 102 103 1
7 2836636 7 417 102 102 1
7 2269932 7 415 103 103 1
7 1563537 7 410 105 105 1
7 709955 7 407 105 115 1
7 764727 7 408 105 105 1
7 1039393 7 409 115 115 1
8 2971186 13 458 0 14 2
8 3152553 13 460 0 14 2
8 3371504 13 462 0 15 2
8 4197114 13 465 0 14 2
8 4386405 13 466 0 0 2
8 3603105 13 463 3 3 2
8 3687162 13 464 14 14 2
8 2412205 13 456 15 22 2
8 2535569 13 457 15 15 2
8 2124056 13 455 22 30 2
8 1001891 13 454 30 36 2
8 129641 13 451 36 48 2
8 295758 13 452 36 48 2
8 6119526 13 470 48 48 1
8 6971511 13 475 53 55 1
8 7452971 13 476 53 54 1
8 7885327 13 478 53 54 1
8 7638287 13 477 55 55 1
8 8108346 13 479 55 57 1
8 5923991 13 468 57 62 1
8 6314142 13 471 57 62 1
8 6820969 13 474 57 62 1
8 8497879 13 481 57 62 1
8 8457897 13 480 61 62 1
8 943657 13 453 66 68 2
8 9520929 13 483 66 66 1
8 8815619 13 482 68 69 1
8 9727581 13 484 69 74 1
8 10170651 13 486 74 88 1
8 5910871 13 467 74 88 1
8 10455438 13 487 88 91 1
8 10074649 13 485 91 95 1
8 10607113 13 488 95 101 1
8 12130515 13 491 95 107 1
8 13112794 13 493 95 108 1
8 11333600 13 489 103 103 1
8 11495803 13 490 103 106 1
8 13192603 13 494 106 111 1
8 13450404 13 495 107 108 1
8 12636322 13 492 108 112 1
8 13722133 13 497 112 112 1
8 13944395 13 498 112 119 1
8 13664672 13 496 119 122 1
9 1508742 16 502 0 0 1
9 1024768 16 501 3 3 1
9 1897365 16 503 3 18 1
9 2212462 16 504 3 20 1
9 567009 16 499 3 20 1
9 881127 16 500 3 20 1
9 2302222 16 505 20 22 1
9 3329527 16 506 22 26 1
9 4087599 16 507 26 30 1
9 4541638 16 509 26 37 1
9 4160548 16 508 37 37 1
9 4873049 16 510 37 45 1
9 5059914 16 511 45 55 1
9 6133331 16 513 55 58 1
9 6318998 16 514 58 61 1
9 6514777 16 515 58 67 1
9 6820565 16 516 61 67 1
9 7775985 16 519 67 73 1
9 7176539 16 517 73 76 1
9 8804497 16 521 76 85 1
9 9008750 16 524 76 89 1
9 8554747 16 520 87 87 1
9 8821489 16 522 87 89 1
9 9199866 16 525 88 89 1
9 9715321 16 529 89 91 1
9 9326419 16 526 91 92 1
9 9539419 16 528 91 92 1
9 10503849 16 530 96 99 1
9 10757764 16 531 96 99 1
9 11825051 16 533 96 97 1
9 11399435 16 532 98 98 1
9 12520071 16 534 98 103 1
9 12864411 16 535 99 101 1
9 13613920 16 536 101 103 1
10 1849939 10 539 0 0 2
10 1907139 10 540 0 3 2
10 1305491 10 537 13 27 2
10 1496959 10 538 13 13 2
10 2594495 10 546 13 23 2
10 2277980 10 544 18 23 2
10 2935663 10 548 18 23 2
10 1933833 10 541 24 24 2
10 2121268 10 542 24 27 2
10 2131552 10 543 27 27 2
10 2418387 10 545 27 28 2
10 4198222 10 551 28 33 1
10 4449242 10 552 33 40 1
10 4700331 10 553 40 42 1
10 5054369 10 555 42 48 1
10 4739072 10 554 48 49 1
10 5741844 10 556 49 53 1
10 6076496 10 558 53 55 1
10 7244062 10 562 55 58 2
10 5831840 10 557 58 59 1
10 6847559 10 560 59 60 2
10 6570344 10 559 60 69 2
10 7933835 10 567 69 75 2
10 7316701 10 563 75 82 2
10 7754839 10 565 75 79 2
10 7000545 10 561 79 82 2
10 7514530 10 564 79 91 2
10 8133983 10 569 82 85 1
10 8759789 10 571 85 89 1
10 9230156 10 573 87 91 1
10 8969780 10 572 89 91 1
10 7846134 10 566 91 93 2
10 10603129 10 575 93 102 1
10 11331761 10 577 107 107 1
10 11407174 10 578 107 107 1
10 11834336 10 580 107 117 1
10 12343803 10 582 107 107 1
10 12476746 10 583 107 107 1
10 11701623 10 579 116 117 1
11 1222654 17 588 0 25 2
11 1406053 17 589 0 0 2
11 1180990 17 587 10 10 2
11 2890370 17 591 10 20 1
11 2927734 17 592 10 10 1
11 3199294 17 593 10 10 1
11 3364387 17 594 10 10 1
11 846338 17 585 17 18 2
11 3634067 17 595 25 31 1
11 3700235 17 596 25 31 1
11 933811 17 586 25 25 2
11 3896767 17 597 31 39 1
11 4835900 17 600 39 49 1
11 5214150 17 602 39 49 1
11 6748998 17 606 49 54 1
11 5720506 17 603 54 59 1
11 6923774 17 607 59 71 1
11 7377318 17 608 71 73 1
11 7542875 17 609 73 77 1
11 7927409 17 610 73 77 1
11 8018057 17 612 81 81 1
11 8260044 17 614 81 82 1
11 8897970 17 615 81 87 1
11 9662225 17 616 82 83 1
11 11201992 17 620 87 97 1
11 12717886 17 624 97 101 1
11 10034671 17 617 101 102 1
11 10574818 17 618 102 103 1
11 10797425 17 619 103 104 1
11 11971590 17 621 104 114 1
11 12274541 17 622 106 114 1
11 12878166 17 625 114 117 1
12 2114494 5 628 0 0 1
12 1736598 5 627 14 14 1
12 2383174 5 629 14 14 1
12 27118 5 626 14 14 1
12 3212177 5 630 20 20 1
12 4114481 5 632 20 30 2
12 4923410 5 635 30 32 2
12 4961436 5 636 30 32 2
12 4338387 5 633 37 39 2
12 4537720 5 634 37 37 2
12 5845747 5 639 39 45 1
12 4073262 5 631 45 50 2
12 5531930 5 638 50 57 1
12 6971888 5 642 57 67 1
12 9176233 5 654 67 70 1
12 7996811 5 649 70 71 1
12 7262125 5 643 71 75 1
12 7626505 5 644 75 76 1
12 7831910 5 647 76 78 1
12 7845533 5 648 76 78 1
12 7765715 5 645 80 84 1
12 7787431 5 646 80 80 1
12 8829367 5 652 84 86 1
12 8575281 5 650 86 88 1
12 8817304 5 651 88 93 1
12 10487153 5 658 93 96 1
12 11865319 5 664 96 96 1
12 12047327 5 668 96 102 1
12 12556550 5 672 96 105 1
12 12702601 5 673 96 119 1
12 11060053 5 660 103 103 1
12 11963393 5 667 103 104 1
12 12126102 5 669 103 103 1
12 12368244 5 671 103 119 1
12 11912935 5 665 104 104 1
12 11947902 5 666 104 104 1
12 9495163 5 656 105 105 1
12 9763455 5 657 105 105 1
12 11254077 5 661 119 119 1
12 12234902 5 670 119 121 1
12 9047547 5 653 119 119 1
13 12301372 14 714 0 7 1
13 12573689 14 715 0 0 1
13 11361243 14 710 1 7 1
13 11702945 14 712 1 3 1
13 11925744 14 713 1 1 1
13 10523170 14 709 3 7 1
13 9679685 14 707 3 11 1
13 9372240 14 706 11 14 1
13 8668867 14 704 14 21 1
13 9105715 14 705 14 21 1
13 7441867 14 695 21 37 1
13 8104200 14 700 21 29 1
13 8299062 14 701 21 37 1
13 8433444 14 702 27 29 1
13 7989271 14 698 30 31 1
13 8039211 14 699 30 31 1
13 7720948 14 696 34 37 1
13 7839486 14 697 34 37 1
13 7210025 14 694 37 41 1
13 6893818 14 693 41 51 1
13 8587593 14 703 41 51 1
13 6318787 14 690 51 54 1
13 6338911 14 691 54 56 1
13 6805770 14 692 54 56 1
13 4589216 14 683 63 63 1
13 5239850 14 687 63 66 1
13 6165832 14 689 66 68 1
13 4426306 14 682 68 72 1
13 4766922 14 684 68 72 1
13 5043650 14 686 68 72 1
13 3688538 14 681 72 76 1
13 4869505 14 685 76 81 1
13 3316984 14 680 81 85 1
13 678582 14 675 85 103 2
13 120941 14 674 100 100 2
13 769041 14 676 100 103 2
13 946041 14 677 103 104 2
14 1799529 20 722 0 0 2
14 2743286 20 727 0 3 2
14 1279593 20 721 9 15 2
14 2313592 20 724 9 15 2
14 2184191 20 723 15 20 2
14 2607071 20 725 15 20 2
14 1011897 20 719 21 36 2
14 1133329 20 720 21 33 2
14 2633268 20 726 21 21 2
14 434055 20 716 21 33 2
14 609355 20 718 21 33 2
14 3910162 20 728 33 36 1
14 4076539 20 729 36 37 1
14 4317596 20 730 37 43 1
14 5094926 20 733 37 43 1
14 4769337 20 732 43 45 1
14 5596326 20 737 43 55 1
14 5405166 20 734 45 55 1
14 5489079 20 735 45 55 1
14 5947257 20 738 55 58 1
14 6462636 20 739 55 58 1
14 6639532 20 741 58 64 1
14 6601803 20 740 62 64 1
14 7622045 20 742 64 81 1
14 8178492 20 743 81 84 1
14 9244731 20 748 84 96 1
14 10858935 20 751 100 100 1
14 8496146 20 744 100 103 1
14 9927773 20 749 103 109 1
14 10281697 20 750 104 109 1
14 8718804 20 746 104 122 1
14 11804709 20 752 122 122 1
14 8941759 20 747 122 128 1
15 10555772 4 798 0 16 1
15 12000612 4 802 0 0 1
15 10904675 4 800 10 10 1
15 11728775 4 801 10 13 1
15 10191570 4 796 13 18 1
15 10289525 4 797 16 18 1
15 9997644 4 795 16 18 1
15 8631511 4 789 18 21 1
15 8798482 4 791 21 23 1
15 8893977 4 793 21 24 1
15 8809318 4 792 22 24 1
15 8572884 4 788 24 27 1
15 8303498 4 787 27 30 1
15 7606871 4 785 30 31 1
15 7942961 4 786 31 34 1
15 7235532 4 784 34 39 1
15 7138193 4 783 37 39 1
15 6807927 4 782 39 40 1
15 6654052 4 781 40 45 1
15 6644000 4 780 45 58 1
15 4826337 4 774 58 67 1
15 5457846 4 779 67 68 1
15 4855545 4 775 68 77 1
15 4480980 4 773 77 80 1
15 3863054 4 771 80 82 1
15 3579655 4 770 82 88 1
15 3153058 4 767 88 90 1
15 2452294 4 765 90 94 1
15 2499325 4 766 90 99 1
15 1968854 4 763 94 99 1
15 232711 4 753 99 101 1
15 243143 4 754 99 100 1
15 908637 4 757 99 100 1
15 932927 4 758 99 100 1
15 1386480 4 761 101 101 1
15 1266816 4 760 106 106 1
15 498850 4 755 106 111 1
16 1779724 8 809 0 0 1
16 303503 8 803 0 4 1
16 602596 8 804 4 7 1
16 2283804 8 810 12 12 1
16 2984987 8 812 12 14 1
16 3253664 8 814 12 14 1
16 3050744 8 813 16 16 1
16 4510312 8 816 16 21 1
16 2725164 8 811 21 34 1
16 4639876 8 817 34 48 1
16 4685826 8 818 48 53 1
16 4799554 8 819 53 58 1
16 5231416 8 820 58 60 1
16 7615724 8 830 60 68 1
16 4364739 8 815 68 72 1
16 6857911 8 824 72 85 1
16 6517404 8 821 85 95 1
16 6820524 8 823 95 97 1
16 6934934 8 825 97 101 1
16 6974424 8 826 97 101 1
16 7067990 8 827 97 101 1
16 6684180 8 822 104 109 1
16 7402378 8 828 104 104 1
16 7680395 8 831 104 105 1
16 7506729 8 829 109 109 1
16 7960947 8 832 109 111 1
16 9381144 8 835 111 118 1
16 9546561 8 836 118 120 1
16 9630738 8 837 120 125 1
16 9862537 8 838 125 126 1
16 10247185 8 840 126 132 1
16 10291575 8 841 126 132 1
16 11132071 8 846 126 132 1
16 11041688 8 845 131 132 1
16 10637584 8 842 134 145 1
16 10706214 8 843 134 134 1
16 10813462 8 844 134 150 1
16 10191826 8 839 145 147 1
16 11474261 8 849 145 145 1
16 11782286 8 850 150 152 1
16 7971927 8 833 150 150 1
16 11220888 8 848 152 156 1
17 11150345 9 892 0 0 1
17 11880048 9 894 0 1 1
17 9581614 9 887 0 6 2
17 11464913 9 893 5 5 1
17 12099691 9 895 5 7 1
17 10211811 9 889 6 14 2
17 10364405 9 890 6 7 2
17 12290415 9 896 6 7 1
17 12319278 9 897 6 7 1
17 8675713 9 884 14 20 1
17 8890406 9 885 14 14 1
17 10895067 9 891 20 27 2
17 7983618 9 882 27 35 1
17 8114148 9 883 27 42 1
17 6458357 9 878 42 45 1
17 7292733 9 881 42 42 1
17 6582245 9 879 45 48 1
17 4798132 9 872 48 58 1
17 5289078 9 874 48 55 1
17 5879759 9 877 55 58 1
17 5146424 9 873 58 61 1
17 5331547 9 875 58 61 1
17 5778459 9 876 61 69 1
17 4429174 9 871 69 73 1
17 3549593 9 865 73 79 1
17 4059484 9 869 79 81 1
17 4151795 9 870 79 81 1
17 3856441 9 867 81 83 1
17 3644398 9 866 83 86 1
17 1185273 9 856 86 97 2
17 2723273 9 863 86 94 2
17 1157177 9 855 95 97 2
17 1313632 9 857 95 104 2
17 2514842 9 862 95 97 2
17 2747537 9 864 95 97 2
17 777841 9 854 95 97 2
17 1964849 9 859 97 97 2
17 513856 9 853 101 101 2
17 1370709 9 858 104 112 2
17 2178547 9 860 104 116 2
17 2216824 9 861 112 116 2
18 258514 53 898 0 0 1
18 1630980 53 899 22 29 1
18 1762692 53 900 22 35 1
18 2173670 53 901 22 29 1
18 2236022 53 902 29 32 1
18 2258336 53 903 29 32 1
18 2746443 53 904 32 35 1
18 3526890 53 906 35 44 1
18 3662445 53 907 44 48 1
18 3983452 53 908 48 52 1
18 4047505 53 909 52 55 1
18 4418738 53 911 55 64 1
18 5160370 53 912 55 71 1
18 5172978 53 913 61 71 1
18 6994616 53 922 64 71 1
18 5739788 53 914 71 72 1
18 5963038 53 917 71 77 1
18 5809430 53 916 72 82 1
18 6461910 53 919 77 82 1
18 6049298 53 918 82 84 1
18 6645736 53 920 84 86 1
18 6962724 53 921 86 87 1
18 7508407 53 924 86 87 1
18 7170657 53 923 90 90 1
18 8979697 53 931 90 93 1
18 7652093 53 926 93 96 1
18 8687147 53 929 96 102 1
18 9009965 53 932 102 110 1
18 9421248 53 933 102 110 1
18 9610953 53 934 111 114 1
18 9635606 53 935 111 111 1
18 10343563 53 937 114 116 1
18 11830502 53 942 116 117 2
18 11366871 53 941 117 123 2
18 8831549 53 930 123 127 1
18 11096930 53 940 127 128 2
18 9998744 53 936 128 134 1
19 11163491 15 982 0 0 2
19 11357685 15 983 7 7 2
19 8414826 15 976 7 13 1
19 9945589 15 979 7 7 2
19 11033868 15 981 13 13 2
19 11370778 15 984 13 13 2
19 10885735 15 980 24 27 2
19 8356470 15 975 27 30 1
19 8945555 15 977 27 30 1
19 11679988 15 985 30 37 2
19 8333092 15 974 37 38 1
19 7924484 15 973 38 46 1
19 7146199 15 971 46 54 1
19 6405416 15 966 54 56 1
19 7068104 15 970 56 59 1
19 6688934 15 967 60 62 1
19 6871829 15 969 60 60 1
19 6738095 15 968 62 71 1
19 5037228 15 962 71 77 1
19 5684075 15 964 71 77 1
19 4561922 15 960 77 79 1
19 4687569 15 961 77 79 1
19 3929462 15 958 81 84 1
19 5109582 15 963 81 81 1
19 4300969 15 959 84 88 1
19 3049229 15 954 88 101 1
19 3454861 15 956 88 101 1
19 2328130 15 951 96 103 1
19 2749298 15 953 101 102 1
19 1687051 15 949 102 103 1
19 1949884 15 950 103 103 1
19 151506 15 945 105 105 1
19 2651129 15 952 105 114 1
19 763731 15 947 105 107 1
19 480224 15 946 107 114 1
20 11631811 26 1023 0 0 2
20 1374516 26 990 0 29 1
20 2208376 26 992 11 11 2
20 3016205 26 995 19 19 2
20 613781 26 986 19 28 2
20 702395 26 987 19 23 2
20 2233051 26 993 28 29 2
20 2856733 26 994 29 33 2
20 3060107 26 996 33 35 2
20 1748406 26 991 35 45 2
20 1034114 26 989 45 48 2
20 3863425 26 998 48 62 1
20 4349944 26 999 48 62 1
20 5533666 26 1000 62 78 1
20 6154153 26 1001 78 83 1
20 6206350 26 1003 83 85 1
20 7946851 26 1009 85 90 2
20 6954196 26 1005 90 91 1
20 7678404 26 1008 91 94 2
20 7004180 26 1006 94 98 1
20 7228002 26 1007 98 103 2
20 8381220 26 1011 98 103 1
20 8798683 26 1013 103 107 1
20 9362047 26 1014 107 110 1
20 10030862 26 1017 110 116 1
20 11186653 26 1020 110 113 1
20 9657969 26 1016 110 119 1
20 10456390 26 1018 116 119 1
20 11347946 26 1021 116 116 1
20 10676636 26 1019 119 129 1
20 11400801 26 1022 119 119 1
21 203548 6 1025 0 0 2
21 2733029 6 1038 19 24 2
21 810747 6 1028 19 39 2
21 99872 6 1024 19 19 2
21 2227590 6 1036 24 33 2
21 546963 6 1026 33 34 2
21 949071 6 1029 33 34 2
21 1724722 6 1033 36 39 2
21 669090 6 1027 36 43 2
21 963060 6 1030 36 36 2
21 1110932 6 1031 39 43 2
21 2917112 6 1039 43 44 1
21 1587298 6 1032 44 45 2
21 2718346 6 1037 45 47 2
21 3276583 6 1042 47 52 1
21 3920231 6 1044 52 54 1
21 4912046 6 1048 54 58 1
21 4390667 6 1047 58 60 1
21 1739383 6 1034 60 63 2
21 5214703 6 1050 63 74 1
21 5195895 6 1049 74 76 1
21 5445416 6 1051 76 82 1
21 5960124 6 1052 82 84 1
21 6491757 6 1055 84 88 1
21 6887388 6 1058 84 96 1
21 6618927 6 1057 87 88 1
21 6132377 6 1053 91 91 1
21 6507179 6 1056 91 96 1
21 7129647 6 1060 96 104 1
21 8259339 6 1061 104 115 1
21 8522830 6 1062 115 118 1
21 8862840 6 1063 115 118 1
21 9109594 6 1065 121 121 1
21 9413237 6 1066 125 138 1
21 9912403 6 1067 125 125 1
21 10110211 6 1069 138 140 1
21 10390801 6 1070 138 140 1
21 10682661 6 1072 138 138 1
21 9972054 6 1068 138 140 1
22 2602682 22 1083 0 0 2
22 1032725 22 1074 9 15 2
22 1558426 22 1076 9 23 2
22 1729610 22 1079 9 23 2
22 2287027 22 1082 9 9 2
22 1691059 22 1078 17 17 2
22 1985305 22 1080 17 19 2
22 1261505 22 1075 18 23 2
22 1573720 22 1077 18 23 2
22 3312175 22 1085 23 36 1
22 2979871 22 1084 36 37 1
22 3782272 22 1087 37 53 1
22 4635806 22 1088 37 53 1
22 5294631 22 1089 37 53 1
22 5491165 22 1091 37 53 1
22 5331226 22 1090 52 53 1
22 5734600 22 1092 59 59 1
22 5865143 22 1093 59 59 1
22 6037890 22 1094 59 59 1
22 6240264 22 1096 63 63 1
22 6628829 22 1098 63 66 1
22 6164422 22 1095 66 73 1
22 6601816 22 1097 66 66 1
22 6692286 22 1099 66 73 1
22 6796034 22 1100 73 79 1
22 7507573 22 1102 79 85 1
22 8281326 22 1103 90 90 1
22 9126986 22 1105 90 99 1
22 8916841 22 1104 99 106 1
23 2103447 11 1108 0 0 1
23 2066440 11 1107 13 24 1
23 3652023 11 1117 13 13 2
23 2387733 11 1109 24 26 1
23 3812310 11 1118 26 27 2
23 3205009 11 1112 27 28 2
23 3363531 11 1114 28 30 2
23 3486185 11 1116 28 30 2
23 3179859 11 1111 42 42 2
23 4259907 11 1119 42 54 1
23 4489630 11 1120 42 50 1
23 4500471 11 1121 42 50 1
23 8384515 11 1140 50 54 1
23 4781139 11 1123 52 54 1
23 4950679 11 1124 57 64 1
23 5008974 11 1125 57 57 1
23 5123594 11 1126 64 65 1
23 5308036 11 1127 65 73 1
23 5755526 11 1131 65 73 1
23 6008370 11 1133 73 75 1
23 5606057 11 1130 75 87 1
23 6585364 11 1134 87 89 1
23 7317442 11 1136 89 91 1
23 10185760 11 1150 91 104 1
23 9320770 11 1146 91 102 1
23 10478656 11 1151 94 102 1
23 9045537 11 1144 102 104 1
23 9266459 11 1145 102 102 1
23 8441649 11 1141 104 108 1
24 8029508 21 1174 0 0 2
24 6964382 21 1172 24 24 2
24 8317804 21 1176 24 27 2
24 8082117 21 1175 27 33 2
24 8476060 21 1178 33 36 2
24 8899759 21 1179 36 40 2
24 8926166 21 1180 36 40 2
24 9188773 21 1181 41 41 2
24 9313227 21 1182 41 48 2
24 9603232 21 1183 44 48 2
24 10018273 21 1185 48 56 2
24 10242766 21 1186 56 59 2
24 5560543 21 1169 59 63 1
24 5748035 21 1171 59 63 1
24 3724305 21 1163 74 85 1
24 4507023 21 1166 74 78 1
24 4912727 21 1168 74 74 1
24 3960643 21 1165 77 78 1
24 1993422 21 1159 85 85 1
24 2778272 21 1161 85 85 1
24 1544372 21 1157 90 90 1
24 1077212 21 1155 94 96 1
24 729576 21 1152 94 94 1
24 901995 21 1154 96 97 1
25 749910 18 1190 0 0 2
25 2562994 18 1195 6 6 2
25 2870705 18 1196 6 8 2
25 1230399 18 1191 8 16 2
25 1834354 18 1192 16 31 2
25 723131 18 1189 16 17 2
25 1892237 18 1193 17 31 2
25 3261432 18 1197 31 41 1
25 3708523 18 1198 41 44 1
25 4311509 18 1200 44 49 1
25 4212726 18 1199 49 59 1
25 4790278 18 1202 49 55 1
25 4760004 18 1201 52 59 1
25 5037356 18 1203 59 64 1
25 5122817 18 1204 59 70 1
25 5236220 18 1205 64 70 1
25 6196554 18 1207 70 78 1
25 6238069 18 1208 70 78 1
25 6167428 18 1206 78 82 1
25 6648447 18 1209 82 85 1
25 6835531 18 1210 85 86 1
25 7118767 18 1211 86 93 1
25 7480239 18 1213 93 97 1
25 7529097 18 1214 97 99 1
25 7380952 18 1212 99 100 1
25 7984933 18 1215 99 100 1
25 9062788 18 1219 99 110 1
25 8295668 18 1217 105 105 1
25 9555646 18 1220 105 110 1
25 9792996 18 1223 105 110 1
25 10180820 18 1224 114 114 1
25 8846937 18 1218 114 115 1
25 9570434 18 1221 115 116 1
26 9034063 34 1250 0 9 1
26 9397085 34 1252 0 0 1
26 7864764 34 1247 9 9 1
26 9204916 34 1251 9 23 1
26 8077138 34 1248 23 23 1
26 6789438 34 1244 35 47 1
26 6877479 34 1245 35 47 1
26 6214946 34 1242 47 53 1
26 4437621 34 1238 53 57 1
26 6164506 34 1241 53 57 1
26 5603931 34 1239 57 60 1
26 3549724 34 1234 60 78 1
26 3582646 34 1235 60 78 1
26 3978586 34 1237 78 84 1
26 3923832 34 1236 84 89 1
26 2952967 34 1233 89 103 1
26 1840104 34 1231 103 104 1
26 1444148 34 1229 104 105 1
26 1311909 34 1228 105 106 1
26 1880306 34 1232 106 107 1
26 194397 34 1225 106 109 1
26 1633987 34 1230 109 113 1
26 511513 34 1226 109 109 1
27 2561340 27 1265 0 0 1
27 687736 27 1256 13 21 1
27 940584 27 1257 13 13 1
27 2276167 27 1263 21 23 1
27 6606984 27 1277 23 28 1
27 274781 27 1254 28 32 1
27 2680383 27 1268 32 35 1
27 2627610 27 1267 35 45 1
27 1657685 27 1259 45 50 1
27 2549095 27 1264 45 51 1
27 1395025 27 1258 50 63 1
27 622291 27 1255 50 54 1
27 2122522 27 1261 54 54 1
27 2581125 27 1266 54 59 1
27 3100095 27 1269 54 59 1
27 3951983 27 1271 59 63 1
27 4427656 27 1272 59 60 1
27 206974 27 1253 60 62 1
27 3380762 27 1270 62 73 1
27 2194754 27 1262 73 73 1
27 6217198 27 1276 73 90 1
27 5862295 27 1275 90 94 1
27 5731851 27 1274 94 102 1
27 7799515 27 1280 102 116 1
27 9847337 27 1283 116 120 1
27 6625100 27 1278 120 120 1
27 7395760 27 1279 126 131 1
27 8166362 27 1281 126 126 1
27 9754189 27 1282 131 134 1
28 6493349 24 1303 0 0 2
28 6665783 24 1304 12 12 2
28 7100513 24 1307 12 16 1
28 9078700 24 1315 16 22 1
28 5773842 24 1302 22 26 2
28 7480719 24 1308 26 39 1
28 8598026 24 1314 28 28 1
28 8138673 24 1310 38 38 1
28 8427163 24 1313 38 38 1
28 7086846 24 1306 39 39 1
28 7505573 24 1309 39 45 1
28 6983519 24 1305 45 55 1
28 4880864 24 1300 55 69 1
28 5062145 24 1301 55 61 1
28 3675759 24 1296 69 82 1
28 4356138 24 1299 69 77 1
28 4020198 24 1298 77 79 1
28 3692095 24 1297 82 87 1
28 3660969 24 1295 87 91 1
28 3340878 24 1293 91 93 1
28 2563319 24 1292 93 101 1
28 2228286 24 1289 101 103 1
28 2434136 24 1291 101 106 1
28 1437463 24 1288 106 110 1
28 907542 24 1286 106 110 1
28 1395081 24 1287 110 117 1
28 529886 24 1285 117 125 1
29 3173403 29 1325 0 0 2
29 399068 29 1318 10 18 1
29 586937 29 1319 10 10 1
29 717523 29 1321 10 19 1
29 1420537 29 1322 19 22 1
29 1840657 29 1323 22 27 1
29 3894970 29 1326 27 54 1
29 5076244 29 1329 54 67 1
29 5256977 29 1330 67 70 1
29 7582963 29 1336 70 78 1
29 5644519 29 1331 78 83 1
29 6236147 29 1334 78 84 1
29 6187544 29 1333 83 84 1
29 7696899 29 1339 85 99 1
29 9016251 29 1345 85 85 1
29 7641164 29 1338 89 91 1
29 7912538 29 1340 89 91 1
29 7952129 29 1341 89 99 1
29 8074902 29 1342 91 93 1
29 8544288 29 1343 91 93 1
29 9085178 29 1346 92 93 1
29 7426898 29 1335 93 99 1
29 7624063 29 1337 93 93 1
30 7349110 12 1383 0 9 1
30 8815501 12 1387 0 0 1
30 8140986 12 1385 9 24 1
30 8971200 12 1389 9 27 1
30 8080891 12 1384 21 27 1
30 8386052 12 1386 21 27 1
30 6582971 12 1381 33 33 1
30 6924907 12 1382 33 45 1
30 5619905 12 1379 45 53 1
30 4912489 12 1377 53 58 1
30 5057374 12 1378 58 59 1
30 4322374 12 1372 59 73 1
30 4639515 12 1374 59 72 1
30 4845249 12 1376 59 72 1
30 4301505 12 1371 72 73 1
30 4680106 12 1375 72 73 1
30 3945073 12 1370 73 77 1
30 3721854 12 1367 77 80 1
30 3856214 12 1369 77 80 1
30 3761766 12 1368 80 82 1
30 2614994 12 1365 82 97 1
30 2537073 12 1364 97 100 1
30 3095448 12 1366 100 102 1
30 2155874 12 1362 102 104 1
30 1720370 12 1360 104 108 1
30 1657383 12 1359 106 107 1
30 650839 12 1352 107 108 1
30 1066580 12 1356 108 110 1
30 941870 12 1355 108 110 1
30 1188655 12 1357 114 114 1
30 2116752 12 1361 123 125 1
30 379393 12 1348 123 123 1
30 594066 12 1351 125 127 1
30 1441730 12 1358 127 133 1
30 305164 12 1347 133 134 1
31 7835066 23 1419 0 0 2
31 8124584 23 1420 19 19 2
31 8402297 23 1421 19 24 2
31 6053825 23 1413 24 25 2
31 6336345 23 1414 24 24 2
31 8731218 23 1423 25 37 2
31 8768505 23 1424 25 37 2
31 4855284 23 1409 37 45 1
31 6694687 23 1415 37 45 2
31 6807767 23 1416 45 49 2
31 7132816 23 1418 49 56 2
31 7027293 23 1417 56 62 2
31 4872732 23 1410 62 78 1
31 4230709 23 1407 78 86 1
31 4474328 23 1408 78 86 1
31 3521902 23 1406 86 95 1
31 3078373 23 1403 95 98 1
31 2932040 23 1400 98 99 1
31 3054360 23 1402 99 103 1
31 3331861 23 1404 103 112 1
31 3373617 23 1405 103 112 1
31 2352719 23 1398 112 124 1
31 2753155 23 1399 112 119 1
31 2261749 23 1397 119 124 1
31 1241452 23 1393 125 132 1
31 1270365 23 1394 125 130 1
31 1905053 23 1396 125 125 1
31 277466 23 1391 125 132 1
31 269002 23 1390 128 130 1
31 977152 23 1392 130 131 1
31 1403681 23 1395 131 132 1
32 281477 44 1427 0 0 1
32 1655227 44 1430 8 8 1
32 1904661 44 1431 8 8 1
32 1537037 44 1429 11 27 1
32 4181905 44 1434 27 34 1
32 3381195 44 1433 34 36 1
32 4731080 44 1436 36 43 1
32 6780201 44 1440 43 56 1
32 6410321 44 1437 56 62 1
32 6425833 44 1438 62 76 1
32 6655054 44 1439 62 76 1
32 7045779 44 1441 76 78 1
32 7436697 44 1444 78 81 1
32 8698070 44 1448 81 93 1
32 8661454 44 1447 83 93 1
32 7981780 44 1445 93 99 1
33 7607826 43 1469 0 0 1
33 6880988 43 1466 10 13 1
33 6956130 43 1467 10 13 1
33 7381016 43 1468 10 10 1
33 5495181 43 1464 16 25 1
33 6579318 43 1465 16 16 1
33 5306893 43 1463 25 27 1
33 5174737 43 1461 27 35 1
33 5283966 43 1462 27 30 1
33 4650723 43 1460 35 46 1
33 3886263 43 1459 46 47 1
33 3515627 43 1458 47 60 1
33 2955744 43 1457 60 64 1
33 2880422 43 1456 64 65 1
33 1946696 43 1453 65 70 1
33 2402954 43 1455 65 71 1
33 1694374 43 1451 82 82 1
33 1796723 43 1452 82 92 1
33 71110 43 1449 82 82 1
33 1650710 43 1450 92 98 1
34 387521 39 1470 0 0 1
34 2112718 39 1472 8 9 1
34 2384790 39 1473 8 8 1
34 1892946 39 1471 9 20 1
34 2751826 39 1474 20 28 1
34 3078733 39 1475 28 34 1
34 3465145 39 1479 34 36 1
34 3273447 39 1477 36 39 1
34 3311379 39 1478 39 60 1
34 3520430 39 1480 39 60 1
34 4483716 39 1481 60 62 1
34 5488697 39 1482 62 70 1
34 6599749 39 1486 70 75 1
34 6031427 39 1483 75 77 1
34 6199747 39 1484 77 82 1
34 8037946 39 1489 82 95 2
34 8712810 39 1493 82 94 2
34 7746487 39 1488 94 95 2
34 6477166 39 1485 98 102 1
34 8439253 39 1491 98 98 2
34 6621404 39 1487 102 109 1
35 7036693 19 1526 0 0 2
35 5743302 19 1521 11 11 2
35 6794619 19 1524 11 11 2
35 8092876 19 1528 11 11 2
35 8359389 19 1529 20 20 2
35 5654722 19 1519 31 31 2
35 6974603 19 1525 31 36 2
35 7891822 19 1527 36 44 2
35 5786559 19 1523 44 47 1
35 5583695 19 1518 47 48 1
35 5684218 19 1520 48 49 1
35 5754865 19 1522 49 54 1
35 4938036 19 1516 54 60 1
35 4398287 19 1513 60 64 1
35 4596792 19 1514 60 66 1
35 4112346 19 1511 63 67 1
35 4241919 19 1512 64 67 1
35 5363538 19 1517 67 69 1
35 4013204 19 1510 69 76 1
35 3587255 19 1507 76 79 1
35 3637900 19 1508 79 85 1
35 3555437 19 1506 85 86 1
35 3043741 19 1502 86 93 1
35 3121555 19 1503 86 93 1
35 3179083 19 1504 86 93 1
35 3230862 19 1505 92 93 1
35 2550089 19 1500 99 100 1
35 631790 19 1495 100 120 1
35 3827647 19 1509 105 107 1
35 2118544 19 1498 107 111 1
35 1288915 19 1497 109 111 1
35 789498 19 1496 109 111 1
35 2375830 19 1499 114 120 1
35 89023 19 1494 114 114 1
35 2624634 19 1501 120 120 1
36 6645615 40 1548 0 6 1
36 8000402 40 1551 0 0 1
36 7857422 40 1550 6 7 1
36 5831062 40 1547 7 35 1
36 6838443 40 1549 7 12 1
36 4919510 40 1544 12 21 1
36 4761440 40 1542 21 23 1
36 5387343 40 1546 23 31 1
36 4789425 40 1543 35 39 1
36 4943562 40 1545 39 41 1
36 4359440 40 1540 41 51 1
36 4386526 40 1541 41 51 1
36 3894335 40 1539 51 54 1
36 3414031 40 1538 54 61 1
36 3110307 40 1535 61 70 1
36 649710 40 1531 70 80 2
36 1535765 40 1533 80 86 2
36 1895768 40 1534 93 93 2
36 3343896 40 1537 93 109 1
36 770953 40 1532 109 115 2
37 7291457 37 1571 0 5 1
37 7765965 37 1572 0 0 1
37 6418775 37 1569 14 14 1
37 6842342 37 1570 14 26 1
37 8026317 37 1573 14 14 1
37 6351931 37 1568 23 45 1
37 8056351 37 1574 45 55 1
37 1102159 37 1553 55 67 1
37 4121948 37 1564 67 71 1
37 3943875 37 1563 71 74 1
37 3068053 37 1558 74 87 1
37 3187188 37 1560 74 86 1
37 3161931 37 1559 87 88 1
37 3272570 37 1561 87 88 1
37 1798315 37 1554 90 92 1
37 2823232 37 1557 90 92 1
37 1809776 37 1555 100 104 1
37 2796385 37 1556 100 100 1
37 77855 37 1552 100 104 1
38 7200361 45 1593 0 0 1
38 6539097 45 1591 9 9 1
38 6611725 45 1592 9 11 1
38 6514098 45 1590 11 13 1
38 5359983 45 1585 13 16 1
38 5553668 45 1586 13 16 1
38 6037297 45 1587 13 16 1
38 6252844 45 1588 13 16 1
38 4780526 45 1584 25 25 1
38 6480117 45 1589 25 44 1
38 3745802 45 1582 44 52 1
38 3015611 45 1580 52 73 1
38 3067894 45 1581 62 73 1
38 2426530 45 1579 73 88 1
38 1273609 45 1577 88 95 1
38 460345 45 1575 95 98 1
39 3782468 31 1610 0 0 2
39 3578598 31 1607 13 13 2
39 3710386 31 1608 13 13 2
39 2747749 31 1603 16 23 2
39 3063435 31 1604 16 23 2
39 3300347 31 1605 23 24 2
39 3961832 31 1611 23 24 2
39 1463690 31 1600 27 40 2
39 2277563 31 1602 27 27 2
39 1326291 31 1599 40 43 2
39 1142846 31 1598 43 58 2
39 313966 31 1594 58 69 2
39 835681 31 1596 58 69 2
39 463954 31 1595 69 75 2
39 4132561 31 1612 75 78 1
39 4719569 31 1613 78 84 1
39 4793816 31 1614 84 91 1
39 5518507 31 1616 88 91 1
39 5672521 31 1617 91 95 1
39 5983444 31 1618 95 105 1
39 6739894 31 1619 105 106 1
39 7305424 31 1621 106 109 1
39 6781024 31 1620 109 111 1
39 7463121 31 1622 111 114 1
40 7676321 30 1647 0 0 1
40 7336486 30 1645 25 26 1
40 7857464 30 1648 25 26 1
40 7441794 30 1646 26 28 1
40 6506451 30 1643 28 29 1
40 6191987 30 1642 29 34 1
40 6032398 30 1641 34 37 1
40 5495212 30 1640 37 47 1
40 7267651 30 1644 37 47 1
40 5058824 30 1638 47 61 1
40 5320461 30 1639 47 61 1
40 4926216 30 1637 61 66 1
40 4576848 30 1635 66 67 1
40 3820985 30 1633 67 97 1
40 2524714 30 1630 97 103 1
40 1049706 30 1626 103 105 1
40 2047993 30 1629 105 111 1
40 630426 30 1623 105 105 1
41 918102 25 1650 0 0 1
41 1120335 25 1651 8 13 1
41 733896 25 1649 8 8 1
41 2126474 25 1654 13 17 1
41 2568685 25 1657 13 17 1
41 1698004 25 1652 18 26 1
41 2156638 25 1655 18 18 1
41 2635994 25 1659 26 33 1
41 2278483 25 1656 33 35 1
41 2658312 25 1660 35 38 1
41 2776385 25 1661 35 38 1
41 2988612 25 1662 35 38 1
41 3228900 25 1663 35 38 1
41 3419988 25 1666 38 38 1
41 2591883 25 1658 43 43 1
41 3368993 25 1664 43 47 1
41 3684986 25 1668 47 55 1
41 3723893 25 1669 47 64 1
41 3650457 25 1667 64 64 1
41 4664986 25 1670 64 68 1
41 4772630 25 1671 68 77 1
41 5036435 25 1672 77 84 1
41 7570676 25 1682 84 92 2
41 7326709 25 1681 92 93 2
41 7637212 25 1684 92 93 2
41 5563269 25 1673 96 96 1
41 6929105 25 1677 96 99 2
41 7137804 25 1679 99 99 2
41 7024661 25 1678 103 108 2
41 5876349 25 1675 108 111 2
41 6440443 25 1676 108 108 2
42 6221265 41 1705 0 0 1
42 5854364 41 1703 8 16 1
42 5899732 41 1704 8 12 1
42 6407243 41 1706 8 8 1
42 5434843 41 1702 16 17 1
42 5402230 41 1701 17 19 1
42 4895024 41 1700 19 28 1
42 4719364 41 1699 28 33 1
42 4455098 41 1698 33 35 1
42 4242434 41 1696 35 38 1
42 4346027 41 1697 38 44 1
42 3117741 41 1694 44 59 1
42 2924232 41 1693 59 66 1
42 2427457 41 1691 66 73 1
42 2573060 41 1692 66 73 1
42 2245985 41 1690 71 73 1
42 1857105 41 1689 73 82 1
42 1009673 41 1688 82 83 1
42 400470 41 1685 83 89 1
42 844066 41 1687 89 95 1
43 478221 46 1708 0 0 1
43 1234502 46 1710 6 17 1
43 329756 46 1707 6 6 1
43 664858 46 1709 6 8 1
43 1621375 46 1711 17 17 1
43 2552753 46 1712 22 32 1
43 3258668 46 1713 32 47 1
43 4082892 46 1714 32 47 1
43 4158271 46 1716 47 50 1
43 4647230 46 1717 50 51 1
43 4888862 46 1718 51 55 1
43 4122780 46 1715 55 66 1
43 5895347 46 1719 76 83 1
43 6089952 46 1721 83 83 1
44 13608 32 1723 0 0 1
44 817638 32 1727 0 4 1
44 3805212 32 1735 4 4 1
44 882580 32 1728 4 6 1
44 712294 32 1726 6 7 1
44 35508 32 1724 7 10 1
44 1135238 32 1729 10 14 1
44 682933 32 1725 14 18 1
44 2484496 32 1730 18 23 1
44 3365640 32 1733 23 28 1
44 3388949 32 1734 23 28 1
44 3324027 32 1732 28 33 1
44 4131473 32 1738 33 40 1
44 3956092 32 1737 37 40 1
44 4563969 32 1740 40 42 1
44 3897100 32 1736 42 45 1
44 4248498 32 1739 45 53 1
44 4797755 32 1741 53 68 1
44 6016215 32 1746 68 74 1
44 5548095 32 1742 74 82 1
44 5990909 32 1745 74 81 1
44 5937254 32 1744 81 82 1
44 6874299 32 1747 88 88 1
44 7186681 32 1748 93 93 1
44 7226114 32 1749 93 104 1
44 7287400 32 1750 93 93 1
45 500269 36 1751 0 0 1
45 581255 36 1752 0 31 1
45 1290245 36 1753 31 40 1
45 1995736 36 1754 31 40 1
45 2890567 36 1761 33 42 1
45 2190604 36 1756 40 42 1
45 2057679 36 1755 42 43 1
45 2421115 36 1757 43 47 1
45 2516835 36 1758 47 49 1
45 2848034 36 1760 47 49 1
45 2641292 36 1759 49 54 1
45 3276100 36 1762 54 71 1
45 3763009 36 1763 71 73 1
45 4231378 36 1765 73 76 1
45 5505378 36 1770 78 79 2
45 4107709 36 1764 79 83 1
45 5290189 36 1769 83 85 2
45 4453456 36 1766 85 89 1
45 4656242 36 1767 89 90 1
45 4978130 36 1768 90 98 2
45 7097521 36 1775 98 107 1
45 6461088 36 1772 101 107 1
45 6966551 36 1774 106 107 1
45 6092161 36 1771 107 110 1
45 6477520 36 1773 110 110 1
46 804441 50 1777 0 0 1
46 1976731 50 1779 18 18 1
46 3910028 50 1783 18 25 1
46 2565971 50 1780 25 34 1
46 3852028 50 1782 34 50 1
46 4728289 50 1786 50 54 1
46 4621407 50 1784 54 72 1
46 6192347 50 1788 72 78 1
46 6566758 50 1789 78 82 1
46 5622024 50 1787 82 90 1
47 2945631 33 1801 0 0 2
47 4179290 33 1805 0 13 2
47 4938565 33 1808 13 26 2
47 4547626 33 1806 26 26 2
47 6125853 33 1813 39 39 1
47 5689794 33 1810 46 64 1
47 6081736 33 1812 46 51 1
47 6153748 33 1814 46 64 1
47 5969091 33 1811 52 64 1
47 6583500 33 1815 52 64 1
47 4727937 33 1807 64 66 1
47 5440663 33 1809 66 75 1
47 4096095 33 1804 75 84 1
47 3435834 33 1803 84 101 1
47 3217096 33 1802 101 107 1
47 2751258 33 1800 107 112 1
47 2332257 33 1797 112 121 1
47 2736861 33 1799 112 123 1
47 2509178 33 1798 123 123 1
47 793759 33 1792 123 125 2
47 329547 33 1790 125 127 2
47 1512203 33 1794 127 137 2
47 1611911 33 1795 127 137 2
47 1302394 33 1793 130 137 2
47 1743597 33 1796 146 146 2
48 6121349 47 1834 0 0 1
48 5936368 47 1833 13 13 1
48 6535212 47 1836 13 29 1
48 6383775 47 1835 29 31 1
48 5887856 47 1832 31 35 1
48 4479712 47 1830 35 46 1
48 3236715 47 1823 46 47 1
48 3826865 47 1825 46 55 1
48 3863157 47 1826 47 51 1
48 3488128 47 1824 49 56 1
48 3910741 47 1827 51 56 1
48 2798280 47 1822 56 66 1
48 4600277 47 1831 56 66 1
48 2340658 47 1820 66 67 1
48 1453740 47 1817 67 78 1
48 2119110 47 1819 78 84 1
48 1246520 47 1816 84 92 1
48 2040050 47 1818 92 100 1
48 2373550 47 1821 100 102 1
49 489169 49 1839 0 0 1
49 347317 49 1837 5 9 1
49 395850 49 1838 5 5 1
49 1641965 49 1843 9 16 1
49 677201 49 1840 9 15 1
49 985206 49 1842 16 39 1
49 763488 49 1841 24 39 1
49 3379608 49 1846 39 44 1
49 4605721 49 1848 44 50 1
49 4999247 49 1849 60 83 1
49 5066901 49 1850 60 60 1
49 5579361 49 1851 83 87 1
50 2069208 28 1864 0 0 1
50 108564 28 1852 11 25 1
50 1395291 28 1858 11 25 1
50 154685 28 1853 11 11 1
50 2023126 28 1863 11 25 1
50 219990 28 1855 11 18 1
50 417452 28 1856 11 18 1
50 1473766 28 1859 23 25 1
50 1581123 28 1860 23 25 1
50 196756 28 1854 25 27 1
50 1873379 28 1862 27 28 1
50 811676 28 1857 28 35 1
50 2922646 28 1868 35 42 1
50 2505462 28 1866 42 46 1
50 2437646 28 1865 46 50 1
50 1601841 28 1861 50 54 1
50 2832315 28 1867 54 70 1
50 3612963 28 1870 70 89 1
50 3419292 28 1869 89 94 1
50 3633749 28 1871 94 96 1
50 4321627 28 1872 96 104 1
50 4724559 28 1874 96 113 1
50 4834434 28 1875 104 107 1
50 5686108 28 1878 113 114 1
50 4954306 28 1876 114 125 1
50 5673142 28 1877 114 117 1
50 4500623 28 1873 125 125 1
50 6354064 28 1880 125 129 1
51 467269 48 1882 0 4 1
51 863798 48 1885 0 0 1
51 698894 48 1884 4 5 1
51 1774349 48 1887 5 12 1
51 629621 48 1883 5 12 1
51 1861140 48 1888 9 12 1
51 1380006 48 1886 12 16 1
51 2617880 48 1889 16 20 1
51 2661346 48 1890 20 28 1
51 3626735 48 1891 28 38 1
51 4094023 48 1893 38 42 1
51 5395204 48 1895 42 52 1
51 4574106 48 1894 52 65 1
51 5469420 48 1896 65 78 1
52 5226059 38 1916 0 3 1
52 5545079 38 1918 0 0 1
52 5895485 38 1919 3 12 1
52 6003238 38 1921 12 15 1
52 5459166 38 1917 15 19 1
52 4393639 38 1914 19 22 1
52 4313303 38 1913 22 27 1
52 460974 38 1899 27 47 2
52 274238 38 1898 47 51 2
52 477296 38 1900 51 54 2
52 1831343 38 1906 54 78 2
52 736118 38 1902 54 63 2
52 574233 38 1901 63 65 2
52 977623 38 1903 65 73 2
52 1328819 38 1905 73 73 2
52 1220261 38 1904 76 76 2
52 1960947 38 1907 76 78 2
52 2508598 38 1908 78 92 2
52 2594105 38 1909 92 98 2
52 3117463 38 1912 92 98 2
52 2898361 38 1911 98 103 2
52 2866908 38 1910 103 104 2
