80	1	32179853	32179854	1
82	1	32707210	32707211	1
79	1	31619494	31619495	1
81	1	32692290	32692291	1
78	1	29867842	29867843	1
76	1	29285705	29285706	1
77	1	29750167	29750168	1
73	1	28789178	28789179	1
74	1	28814791	28814792	1
75	1	28915518	28915519	1
71	1	28139617	28139618	1
72	1	28208575	28208576	1
70	1	27746703	27746704	1
69	1	27608308	27608309	1
68	1	26399444	26399445	1
66	1	24928100	24928101	1
67	1	25100574	25100575	1
63	1	24107239	24107240	1
64	1	24493191	24493192	1
65	1	24540913	24540914	1
60	1	21028647	21028648	1
61	1	21644230	21644231	1
58	1	20781587	20781588	1
59	1	20802551	20802552	1
54	1	19320697	19320698	1
56	1	20006942	20006943	1
62	1	22053918	22053919	1
53	1	19248337	19248338	1
57	1	20624000	20624001	1
51	1	17642404	17642405	1
52	1	17919483	17919484	1
55	1	19519892	19519893	1
49	1	17483747	17483748	1
47	1	16460677	16460678	1
48	1	16786147	16786148	1
46	1	16012085	16012086	1
43	1	15316434	15316435	1
44	1	15371083	15371084	1
45	1	15765440	15765441	1
40	1	13461266	13461267	1
41	1	14278794	14278795	1
42	1	14508534	14508535	1
38	1	12454768	12454769	1
39	1	12546603	12546604	1
36	1	11560579	11560580	1
35	1	11227247	11227248	1
37	1	12063813	12063814	1
34	1	10711888	10711889	1
33	1	10281934	10281935	1
32	1	10017917	10017918	1
30	1	9145964	9145965	1
31	1	9341343	9341344	1
29	1	9094408	9094409	1
26	1	8628409	8628410	1
28	1	8969480	8969481	1
23	1	8359803	8359804	1
24	1	8382713	8382714	1
25	1	8411725	8411726	1
19	1	7536599	7536600	1
20	1	7708666	7708667	1
22	1	7908491	7908492	1
21	1	7765061	7765062	1
18	1	7306065	7306066	1
27	1	8813966	8813967	1
16	1	6790992	6790993	1
17	1	7058547	7058548	1
13	1	6323136	6323137	1
14	1	6359262	6359263	1
15	1	6719654	6719655	1
12	1	4838850	4838851	1
11	1	4529872	4529873	1
9	1	3580596	3580597	1
10	1	3702067	3702068	1
8	1	3079565	3079566	1
4	1	1669721	1669722	1
6	1	1769821	1769822	1
7	1	2123270	2123271	1
5	1	1725886	1725887	1
3	1	1490116	1490117	1
1	1	857604	857605	1
2	1	960108	960109	1
191	2	32213163	32213164	1
193	2	32469265	32469266	1
183	2	30598075	30598076	1
186	2	31267355	31267356	1
192	2	32364635	32364636	1
194	2	32533813	32533814	1
195	2	32704001	32704002	1
180	2	29725934	29725935	1
181	2	29774767	29774768	1
187	2	31401716	31401717	1
184	2	30666741	30666742	1
189	2	31855596	31855597	1
190	2	32073359	32073360	1
177	2	28351387	28351388	1
179	2	29053980	29053981	1
176	2	28158004	28158005	1
178	2	28777071	28777072	1
170	2	26305644	26305645	1
173	2	26803745	26803746	1
169	2	26197863	26197864	1
166	2	25165264	25165265	1
171	2	26567389	26567390	1
174	2	26985911	26985912	1
167	2	25190493	25190494	1
175	2	27092494	27092495	1
163	2	24129621	24129622	1
165	2	25116882	25116883	1
159	2	22811789	22811790	1
162	2	23690837	23690838	1
161	2	23507725	23507726	1
157	2	22182029	22182030	1
147	2	19747309	19747310	1
148	2	19813085	19813086	1
155	2	20784692	20784693	1
150	2	20129424	20129425	1
151	2	20223771	20223772	1
152	2	20444627	20444628	1
154	2	20635090	20635091	1
153	2	20613019	20613020	1
145	2	19471622	19471623	1
139	2	18254731	18254732	1
140	2	18281057	18281058	1
141	2	18303897	18303898	1
129	2	14991257	14991258	1
132	2	16533821	16533822	1
134	2	16782882	16782883	1
136	2	16837901	16837902	1
143	2	19191007	19191008	1
133	2	16585136	16585137	1
138	2	17806390	17806391	1
142	2	18796642	18796643	1
131	2	16398597	16398598	1
128	2	14564960	14564961	1
127	2	14431555	14431556	1
137	2	17275622	17275623	1
144	2	19216833	19216834	1
123	2	12687180	12687181	1
124	2	12804850	12804851	1
125	2	13183001	13183002	1
126	2	13613521	13613522	1
120	2	11437219	11437220	1
121	2	11979129	11979130	1
118	2	10825815	10825816	1
114	2	9700725	9700726	1
119	2	11313452	11313453	1
117	2	10092062	10092063	1
116	2	9764763	9764764	1
112	2	9164927	9164928	1
115	2	9714553	9714554	1
110	2	7496863	7496864	1
111	2	8368909	8368910	1
109	2	7437619	7437620	1
108	2	6882830	6882831	1
107	2	6507264	6507265	1
104	2	5854899	5854900	1
105	2	6109175	6109176	1
103	2	5469920	5469921	1
100	2	5276473	5276474	1
102	2	5439929	5439930	1
106	2	6323620	6323621	1
99	2	5184754	5184755	1
101	2	5361761	5361762	1
98	2	3519183	3519184	1
94	2	2240054	2240055	1
96	2	2695156	2695157	1
91	2	1902597	1902598	1
83	2	17994	17995	1
97	2	3477040	3477041	1
87	2	797817	797818	1
86	2	685977	685978	1
89	2	892607	892608	1
198	3	1179200	1179201	1
199	3	1345120	1345121	1
200	3	1622064	1622065	1
201	3	1918614	1918615	1
197	3	859014	859015	1
202	3	3385334	3385335	1
206	3	5289584	5289585	1
204	3	3880315	3880316	1
203	3	3806630	3806631	1
205	3	4579592	4579593	1
209	3	5719861	5719862	1
208	3	5505709	5505710	1
210	3	5826164	5826165	1
211	3	6360599	6360600	1
212	3	6715404	6715405	1
220	3	10597424	10597425	2
221	3	10790981	10790982	2
213	3	7065805	7065806	2
214	3	7555975	7555976	2
216	3	8018285	8018286	2
219	3	9974538	9974539	2
225	3	12447467	12447468	2
217	3	9922294	9922295	2
218	3	9951921	9951922	2
231	3	13574752	13574753	2
226	3	12463250	12463251	2
215	3	7888164	7888165	2
222	3	10832162	10832163	2
227	3	12877947	12877948	2
230	3	13209194	13209195	2
223	3	11185469	11185470	2
224	3	11847877	11847878	2
232	3	13648381	13648382	2
233	3	14533982	14533983	2
229	3	13158758	13158759	2
234	3	14651419	14651420	1
235	3	14981941	14981942	1
236	3	16873123	16873124	1
237	3	17265294	17265295	1
239	3	17651846	17651847	1
240	3	18232979	18232980	1
242	3	18729351	18729352	1
246	3	21176233	21176234	1
248	3	21965533	21965534	1
245	3	21106036	21106037	1
247	3	21506539	21506540	1
253	3	23917206	23917207	1
249	3	23279469	23279470	1
250	3	23319869	23319870	1
252	3	23851709	23851710	1
251	3	23599911	23599912	1
254	3	24508851	24508852	1
303	4	15757014	15757015	1
305	4	16463115	16463116	1
306	4	16628462	16628463	1
307	4	16829425	16829426	1
309	4	17362638	17362639	1
308	4	17073966	17073967	1
298	4	13869129	13869130	1
294	4	12359924	12359925	1
301	4	14841532	14841533	1
295	4	13254334	13254335	1
291	4	10773978	10773979	1
288	4	10039256	10039257	1
286	4	9270852	9270853	1
289	4	10621366	10621367	1
287	4	9366457	9366458	1
290	4	10725637	10725638	1
285	4	9206906	9206907	1
283	4	7724094	7724095	1
284	4	7813804	7813805	1
278	4	6733915	6733916	1
279	4	6811607	6811608	1
280	4	6899342	6899343	1
273	4	5403382	5403383	1
275	4	6201756	6201757	1
277	4	6418791	6418792	1
271	4	4722972	4722973	1
272	4	5357207	5357208	1
269	4	4353335	4353336	1
257	4	96681	96682	2
261	4	1423090	1423091	2
264	4	1858225	1858226	2
266	4	2564143	2564144	2
310	5	109690	109691	2
314	5	926153	926154	1
311	5	329882	329883	1
312	5	520290	520291	1
313	5	580280	580281	1
315	5	1316600	1316601	1
316	5	1514214	1514215	1
317	5	1581502	1581503	1
318	5	1773363	1773364	1
319	5	2663616	2663617	1
326	5	4379823	4379824	1
329	5	4603541	4603542	1
330	5	5220665	5220666	1
321	5	2944711	2944712	1
337	5	6808475	6808476	2
325	5	3891604	3891605	1
327	5	4559885	4559886	1
331	5	5388377	5388378	1
332	5	5945640	5945641	1
335	5	6728623	6728624	1
336	5	6777863	6777864	2
334	5	6484422	6484423	1
340	5	8172998	8172999	2
341	5	8519707	8519708	1
338	5	7360431	7360432	2
339	5	7895093	7895094	1
342	5	8594243	8594244	1
344	5	8869455	8869456	1
346	5	9674879	9674880	1
347	5	11164774	11164775	1
348	5	11274190	11274191	1
358	5	14327639	14327640	1
349	5	11989364	11989365	1
350	5	12501724	12501725	1
353	5	12753842	12753843	1
354	5	12866265	12866266	1
355	5	13121123	13121124	1
359	5	14387610	14387611	2
356	5	13524716	13524717	1
357	5	13592825	13592826	1
364	6	1639004	1639005	1
360	6	182576	182577	1
362	6	758224	758225	1
365	6	1807013	1807014	1
366	6	2148493	2148494	1
367	6	2322762	2322763	1
368	6	2543655	2543656	1
361	6	500841	500842	1
363	6	926794	926795	1
373	6	4202654	4202655	1
370	6	3435170	3435171	1
371	6	3845762	3845763	1
374	6	4497484	4497485	1
375	6	4977745	4977746	1
376	6	5379838	5379839	1
377	6	5742336	5742337	1
379	6	6439830	6439831	1
383	6	7414898	7414899	1
380	6	6543017	6543018	1
382	6	7218202	7218203	1
387	6	9048876	9048877	2
381	6	7109105	7109106	1
384	6	7897309	7897310	1
385	6	7923249	7923250	1
389	6	10496243	10496244	1
388	6	10168825	10168826	1
390	6	10806324	10806325	1
391	6	11146928	11146929	1
392	6	11555771	11555772	1
393	6	11991422	11991423	1
394	6	12010783	12010784	1
395	6	12122531	12122532	1
404	6	14685476	14685477	2
399	6	13195766	13195767	2
398	6	13123546	13123547	2
405	6	14708637	14708638	2
397	6	12902375	12902376	2
400	6	13258325	13258326	2
401	6	13658413	13658414	2
403	6	14395165	14395166	2
396	6	12669456	12669457	2
446	7	13012938	13012939	1
450	7	14159619	14159620	1
447	7	13183392	13183393	1
448	7	13574080	13574081	1
440	7	10748795	10748796	1
442	7	11439418	11439419	1
444	7	11944889	11944890	1
441	7	11235166	11235167	1
445	7	12530305	12530306	1
436	7	9488748	9488749	1
439	7	10079867	10079868	1
438	7	10003694	10003695	1
437	7	9827766	9827767	1
433	7	8648443	8648444	1
432	7	8365275	8365276	1
431	7	8028974	8028975	1
435	7	9067417	9067418	1
443	7	11676813	11676814	1
429	7	7457770	7457771	1
427	7	6685495	6685496	1
428	7	7169153	7169154	1
430	7	7744946	7744947	1
424	7	6037814	6037815	1
425	7	6242841	6242842	1
422	7	5223766	5223767	1
423	7	5528716	5528717	1
419	7	3967418	3967419	1
421	7	4504065	4504066	1
411	7	1912596	1912597	1
412	7	2021696	2021697	1
414	7	2200640	2200641	1
416	7	2676732	2676733	1
418	7	2850491	2850492	1
413	7	2118114	2118115	1
417	7	2836636	2836637	1
415	7	2269932	2269933	1
410	7	1563537	1563538	1
407	7	709955	709956	1
408	7	764727	764728	1
409	7	1039393	1039394	1
458	8	2971186	2971187	2
460	8	3152553	3152554	2
462	8	3371504	3371505	2
465	8	4197114	4197115	2
466	8	4386405	4386406	2
463	8	3603105	3603106	2
464	8	3687162	3687163	2
456	8	2412205	2412206	2
457	8	2535569	2535570	2
455	8	2124056	2124057	2
454	8	1001891	1001892	2
451	8	129641	129642	2
452	8	295758	295759	2
470	8	6119526	6119527	1
475	8	6971511	6971512	1
476	8	7452971	7452972	1
478	8	7885327	7885328	1
477	8	7638287	7638288	1
479	8	8108346	8108347	1
468	8	5923991	5923992	1
471	8	6314142	6314143	1
474	8	6820969	6820970	1
481	8	8497879	8497880	1
480	8	8457897	8457898	1
453	8	943657	943658	2
483	8	9520929	9520930	1
482	8	8815619	8815620	1
484	8	9727581	9727582	1
486	8	10170651	10170652	1
467	8	5910871	5910872	1
487	8	10455438	10455439	1
485	8	10074649	10074650	1
488	8	10607113	10607114	1
491	8	12130515	12130516	1
493	8	13112794	13112795	1
489	8	11333600	11333601	1
490	8	11495803	11495804	1
494	8	13192603	13192604	1
495	8	13450404	13450405	1
492	8	12636322	12636323	1
497	8	13722133	13722134	1
498	8	13944395	13944396	1
496	8	13664672	13664673	1
502	9	1508742	1508743	1
501	9	1024768	1024769	1
503	9	1897365	1897366	1
504	9	2212462	2212463	1
499	9	567009	567010	1
500	9	881127	881128	1
505	9	2302222	2302223	1
506	9	3329527	3329528	1
507	9	4087599	4087600	1
509	9	4541638	4541639	1
508	9	4160548	4160549	1
510	9	4873049	4873050	1
511	9	5059914	5059915	1
513	9	6133331	6133332	1
514	9	6318998	6318999	1
515	9	6514777	6514778	1
516	9	6820565	6820566	1
519	9	7775985	7775986	1
517	9	7176539	7176540	1
521	9	8804497	8804498	1
524	9	9008750	9008751	1
520	9	8554747	8554748	1
522	9	8821489	8821490	1
525	9	9199866	9199867	1
529	9	9715321	9715322	1
526	9	9326419	9326420	1
528	9	9539419	9539420	1
530	9	10503849	10503850	1
531	9	10757764	10757765	1
533	9	11825051	11825052	1
532	9	11399435	11399436	1
534	9	12520071	12520072	1
535	9	12864411	12864412	1
536	9	13613920	13613921	1
539	10	1849939	1849940	2
540	10	1907139	1907140	2
537	10	1305491	1305492	2
538	10	1496959	1496960	2
546	10	2594495	2594496	2
544	10	2277980	2277981	2
548	10	2935663	2935664	2
541	10	1933833	1933834	2
542	10	2121268	2121269	2
543	10	2131552	2131553	2
545	10	2418387	2418388	2
551	10	4198222	4198223	1
552	10	4449242	4449243	1
553	10	4700331	4700332	1
555	10	5054369	5054370	1
554	10	4739072	4739073	1
556	10	5741844	5741845	1
558	10	6076496	6076497	1
562	10	7244062	7244063	2
557	10	5831840	5831841	1
560	10	6847559	6847560	2
559	10	6570344	6570345	2
567	10	7933835	7933836	2
563	10	7316701	7316702	2
565	10	7754839	7754840	2
561	10	7000545	7000546	2
564	10	7514530	7514531	2
569	10	8133983	8133984	1
571	10	8759789	8759790	1
573	10	9230156	9230157	1
572	10	8969780	8969781	1
566	10	7846134	7846135	2
575	10	10603129	10603130	1
577	10	11331761	11331762	1
578	10	11407174	11407175	1
580	10	11834336	11834337	1
582	10	12343803	12343804	1
583	10	12476746	12476747	1
579	10	11701623	11701624	1
589	11	1406053	1406054	2
587	11	1180990	1180991	2
591	11	2890370	2890371	1
592	11	2927734	2927735	1
593	11	3199294	3199295	1
594	11	3364387	3364388	1
585	11	846338	846339	2
595	11	3634067	3634068	1
596	11	3700235	3700236	1
586	11	933811	933812	2
597	11	3896767	3896768	1
600	11	4835900	4835901	1
602	11	5214150	5214151	1
606	11	6748998	6748999	1
603	11	5720506	5720507	1
607	11	6923774	6923775	1
608	11	7377318	7377319	1
609	11	7542875	7542876	1
610	11	7927409	7927410	1
612	11	8018057	8018058	1
614	11	8260044	8260045	1
615	11	8897970	8897971	1
616	11	9662225	9662226	1
620	11	11201992	11201993	1
624	11	12717886	12717887	1
617	11	10034671	10034672	1
618	11	10574818	10574819	1
619	11	10797425	10797426	1
621	11	11971590	11971591	1
622	11	12274541	12274542	1
625	11	12878166	12878167	1
628	12	2114494	2114495	1
627	12	1736598	1736599	1
629	12	2383174	2383175	1
626	12	27118	27119	1
630	12	3212177	3212178	1
632	12	4114481	4114482	2
635	12	4923410	4923411	2
636	12	4961436	4961437	2
633	12	4338387	4338388	2
634	12	4537720	4537721	2
639	12	5845747	5845748	1
631	12	4073262	4073263	2
638	12	5531930	5531931	1
642	12	6971888	6971889	1
654	12	9176233	9176234	1
649	12	7996811	7996812	1
643	12	7262125	7262126	1
644	12	7626505	7626506	1
647	12	7831910	7831911	1
648	12	7845533	7845534	1
645	12	7765715	7765716	1
646	12	7787431	7787432	1
652	12	8829367	8829368	1
650	12	8575281	8575282	1
651	12	8817304	8817305	1
658	12	10487153	10487154	1
664	12	11865319	11865320	1
668	12	12047327	12047328	1
672	12	12556550	12556551	1
660	12	11060053	11060054	1
667	12	11963393	11963394	1
669	12	12126102	12126103	1
671	12	12368244	12368245	1
665	12	11912935	11912936	1
666	12	11947902	11947903	1
656	12	9495163	9495164	1
657	12	9763455	9763456	1
661	12	11254077	11254078	1
670	12	12234902	12234903	1
653	12	9047547	9047548	1
714	13	12301372	12301373	1
715	13	12573689	12573690	1
710	13	11361243	11361244	1
712	13	11702945	11702946	1
713	13	11925744	11925745	1
709	13	10523170	10523171	1
707	13	9679685	9679686	1
706	13	9372240	9372241	1
704	13	8668867	8668868	1
705	13	9105715	9105716	1
695	13	7441867	7441868	1
700	13	8104200	8104201	1
701	13	8299062	8299063	1
702	13	8433444	8433445	1
698	13	7989271	7989272	1
699	13	8039211	8039212	1
696	13	7720948	7720949	1
697	13	7839486	7839487	1
694	13	7210025	7210026	1
693	13	6893818	6893819	1
703	13	8587593	8587594	1
690	13	6318787	6318788	1
691	13	6338911	6338912	1
692	13	6805770	6805771	1
683	13	4589216	4589217	1
687	13	5239850	5239851	1
689	13	6165832	6165833	1
682	13	4426306	4426307	1
684	13	4766922	4766923	1
686	13	5043650	5043651	1
681	13	3688538	3688539	1
685	13	4869505	4869506	1
680	13	3316984	3316985	1
675	13	678582	678583	2
674	13	120941	120942	2
676	13	769041	769042	2
677	13	946041	946042	2
722	14	1799529	1799530	2
727	14	2743286	2743287	2
721	14	1279593	1279594	2
724	14	2313592	2313593	2
723	14	2184191	2184192	2
725	14	2607071	2607072	2
719	14	1011897	1011898	2
720	14	1133329	1133330	2
726	14	2633268	2633269	2
716	14	434055	434056	2
718	14	609355	609356	2
728	14	3910162	3910163	1
729	14	4076539	4076540	1
730	14	4317596	4317597	1
733	14	5094926	5094927	1
732	14	4769337	4769338	1
737	14	5596326	5596327	1
734	14	5405166	5405167	1
735	14	5489079	5489080	1
738	14	5947257	5947258	1
739	14	6462636	6462637	1
741	14	6639532	6639533	1
740	14	6601803	6601804	1
742	14	7622045	7622046	1
743	14	8178492	8178493	1
748	14	9244731	9244732	1
751	14	10858935	10858936	1
744	14	8496146	8496147	1
749	14	9927773	9927774	1
750	14	10281697	10281698	1
746	14	8718804	8718805	1
752	14	11804709	11804710	1
747	14	8941759	8941760	1
798	15	10555772	10555773	1
802	15	12000612	12000613	1
800	15	10904675	10904676	1
801	15	11728775	11728776	1
796	15	10191570	10191571	1
797	15	10289525	10289526	1
795	15	9997644	9997645	1
789	15	8631511	8631512	1
791	15	8798482	8798483	1
793	15	8893977	8893978	1
792	15	8809318	8809319	1
788	15	8572884	8572885	1
787	15	8303498	8303499	1
785	15	7606871	7606872	1
786	15	7942961	7942962	1
784	15	7235532	7235533	1
783	15	7138193	7138194	1
782	15	6807927	6807928	1
781	15	6654052	6654053	1
780	15	6644000	6644001	1
774	15	4826337	4826338	1
779	15	5457846	5457847	1
775	15	4855545	4855546	1
773	15	4480980	4480981	1
771	15	3863054	3863055	1
770	15	3579655	3579656	1
767	15	3153058	3153059	1
765	15	2452294	2452295	1
766	15	2499325	2499326	1
763	15	1968854	1968855	1
753	15	232711	232712	1
754	15	243143	243144	1
757	15	908637	908638	1
758	15	932927	932928	1
761	15	1386480	1386481	1
760	15	1266816	1266817	1
755	15	498850	498851	1
809	16	1779724	1779725	1
803	16	303503	303504	1
804	16	602596	602597	1
810	16	2283804	2283805	1
812	16	2984987	2984988	1
814	16	3253664	3253665	1
813	16	3050744	3050745	1
816	16	4510312	4510313	1
811	16	2725164	2725165	1
817	16	4639876	4639877	1
818	16	4685826	4685827	1
819	16	4799554	4799555	1
820	16	5231416	5231417	1
830	16	7615724	7615725	1
815	16	4364739	4364740	1
824	16	6857911	6857912	1
821	16	6517404	6517405	1
823	16	6820524	6820525	1
825	16	6934934	6934935	1
826	16	6974424	6974425	1
827	16	7067990	7067991	1
822	16	6684180	6684181	1
828	16	7402378	7402379	1
831	16	7680395	7680396	1
829	16	7506729	7506730	1
832	16	7960947	7960948	1
835	16	9381144	9381145	1
836	16	9546561	9546562	1
837	16	9630738	9630739	1
838	16	9862537	9862538	1
840	16	10247185	10247186	1
841	16	10291575	10291576	1
846	16	11132071	11132072	1
845	16	11041688	11041689	1
842	16	10637584	10637585	1
843	16	10706214	10706215	1
844	16	10813462	10813463	1
839	16	10191826	10191827	1
849	16	11474261	11474262	1
850	16	11782286	11782287	1
833	16	7971927	7971928	1
848	16	11220888	11220889	1
892	17	11150345	11150346	1
894	17	11880048	11880049	1
887	17	9581614	9581615	2
893	17	11464913	11464914	1
895	17	12099691	12099692	1
889	17	10211811	10211812	2
890	17	10364405	10364406	2
896	17	12290415	12290416	1
897	17	12319278	12319279	1
884	17	8675713	8675714	1
885	17	8890406	8890407	1
891	17	10895067	10895068	2
882	17	7983618	7983619	1
883	17	8114148	8114149	1
878	17	6458357	6458358	1
881	17	7292733	7292734	1
879	17	6582245	6582246	1
872	17	4798132	4798133	1
874	17	5289078	5289079	1
877	17	5879759	5879760	1
873	17	5146424	5146425	1
875	17	5331547	5331548	1
876	17	5778459	5778460	1
871	17	4429174	4429175	1
865	17	3549593	3549594	1
869	17	4059484	4059485	1
870	17	4151795	4151796	1
867	17	3856441	3856442	1
866	17	3644398	3644399	1
856	17	1185273	1185274	2
863	17	2723273	2723274	2
855	17	1157177	1157178	2
857	17	1313632	1313633	2
862	17	2514842	2514843	2
864	17	2747537	2747538	2
854	17	777841	777842	2
859	17	1964849	1964850	2
853	17	513856	513857	2
858	17	1370709	1370710	2
860	17	2178547	2178548	2
861	17	2216824	2216825	2
898	18	258514	258515	1
899	18	1630980	1630981	1
900	18	1762692	1762693	1
901	18	2173670	2173671	1
902	18	2236022	2236023	1
903	18	2258336	2258337	1
904	18	2746443	2746444	1
906	18	3526890	3526891	1
907	18	3662445	3662446	1
908	18	3983452	3983453	1
909	18	4047505	4047506	1
911	18	4418738	4418739	1
912	18	5160370	5160371	1
913	18	5172978	5172979	1
922	18	6994616	6994617	1
914	18	5739788	5739789	1
917	18	5963038	5963039	1
916	18	5809430	5809431	1
919	18	6461910	6461911	1
918	18	6049298	6049299	1
920	18	6645736	6645737	1
921	18	6962724	6962725	1
924	18	7508407	7508408	1
923	18	7170657	7170658	1
931	18	8979697	8979698	1
926	18	7652093	7652094	1
929	18	8687147	8687148	1
932	18	9009965	9009966	1
933	18	9421248	9421249	1
934	18	9610953	9610954	1
935	18	9635606	9635607	1
937	18	10343563	10343564	1
942	18	11830502	11830503	2
941	18	11366871	11366872	2
930	18	8831549	8831550	1
940	18	11096930	11096931	2
936	18	9998744	9998745	1
982	19	11163491	11163492	2
983	19	11357685	11357686	2
976	19	8414826	8414827	1
979	19	9945589	9945590	2
981	19	11033868	11033869	2
984	19	11370778	11370779	2
980	19	10885735	10885736	2
975	19	8356470	8356471	1
977	19	8945555	8945556	1
985	19	11679988	11679989	2
974	19	8333092	8333093	1
973	19	7924484	7924485	1
971	19	7146199	7146200	1
966	19	6405416	6405417	1
970	19	7068104	7068105	1
967	19	6688934	6688935	1
969	19	6871829	6871830	1
968	19	6738095	6738096	1
962	19	5037228	5037229	1
964	19	5684075	5684076	1
960	19	4561922	4561923	1
961	19	4687569	4687570	1
958	19	3929462	3929463	1
963	19	5109582	5109583	1
959	19	4300969	4300970	1
954	19	3049229	3049230	1
956	19	3454861	3454862	1
951	19	2328130	2328131	1
953	19	2749298	2749299	1
949	19	1687051	1687052	1
950	19	1949884	1949885	1
945	19	151506	151507	1
952	19	2651129	2651130	1
947	19	763731	763732	1
946	19	480224	480225	1
1023	20	11631811	11631812	2
992	20	2208376	2208377	2
995	20	3016205	3016206	2
986	20	613781	613782	2
987	20	702395	702396	2
993	20	2233051	2233052	2
994	20	2856733	2856734	2
996	20	3060107	3060108	2
991	20	1748406	1748407	2
989	20	1034114	1034115	2
998	20	3863425	3863426	1
999	20	4349944	4349945	1
1000	20	5533666	5533667	1
1001	20	6154153	6154154	1
1003	20	6206350	6206351	1
1009	20	7946851	7946852	2
1005	20	6954196	6954197	1
1008	20	7678404	7678405	2
1006	20	7004180	7004181	1
1007	20	7228002	7228003	2
1011	20	8381220	8381221	1
1013	20	8798683	8798684	1
1014	20	9362047	9362048	1
1017	20	10030862	10030863	1
1020	20	11186653	11186654	1
1016	20	9657969	9657970	1
1018	20	10456390	10456391	1
1021	20	11347946	11347947	1
1019	20	10676636	10676637	1
1022	20	11400801	11400802	1
1025	21	203548	203549	2
1038	21	2733029	2733030	2
1028	21	810747	810748	2
1024	21	99872	99873	2
1036	21	2227590	2227591	2
1026	21	546963	546964	2
1029	21	949071	949072	2
1033	21	1724722	1724723	2
1027	21	669090	669091	2
1030	21	963060	963061	2
1031	21	1110932	1110933	2
1039	21	2917112	2917113	1
1032	21	1587298	1587299	2
1037	21	2718346	2718347	2
1042	21	3276583	3276584	1
1044	21	3920231	3920232	1
1048	21	4912046	4912047	1
1047	21	4390667	4390668	1
1034	21	1739383	1739384	2
1050	21	5214703	5214704	1
1049	21	5195895	5195896	1
1051	21	5445416	5445417	1
1052	21	5960124	5960125	1
1055	21	6491757	6491758	1
1058	21	6887388	6887389	1
1057	21	6618927	6618928	1
1053	21	6132377	6132378	1
1056	21	6507179	6507180	1
1060	21	7129647	7129648	1
1061	21	8259339	8259340	1
1062	21	8522830	8522831	1
1063	21	8862840	8862841	1
1065	21	9109594	9109595	1
1066	21	9413237	9413238	1
1067	21	9912403	9912404	1
1069	21	10110211	10110212	1
1070	21	10390801	10390802	1
1072	21	10682661	10682662	1
1068	21	9972054	9972055	1
1083	22	2602682	2602683	2
1074	22	1032725	1032726	2
1076	22	1558426	1558427	2
1079	22	1729610	1729611	2
1082	22	2287027	2287028	2
1078	22	1691059	1691060	2
1080	22	1985305	1985306	2
1075	22	1261505	1261506	2
1077	22	1573720	1573721	2
1085	22	3312175	3312176	1
1084	22	2979871	2979872	1
1087	22	3782272	3782273	1
1088	22	4635806	4635807	1
1089	22	5294631	5294632	1
1091	22	5491165	5491166	1
1090	22	5331226	5331227	1
1092	22	5734600	5734601	1
1093	22	5865143	5865144	1
1094	22	6037890	6037891	1
1096	22	6240264	6240265	1
1098	22	6628829	6628830	1
1095	22	6164422	6164423	1
1097	22	6601816	6601817	1
1099	22	6692286	6692287	1
1100	22	6796034	6796035	1
1102	22	7507573	7507574	1
1103	22	8281326	8281327	1
1105	22	9126986	9126987	1
1104	22	8916841	8916842	1
1108	23	2103447	2103448	1
1107	23	2066440	2066441	1
1117	23	3652023	3652024	2
1109	23	2387733	2387734	1
1118	23	3812310	3812311	2
1112	23	3205009	3205010	2
1114	23	3363531	3363532	2
1116	23	3486185	3486186	2
1111	23	3179859	3179860	2
1119	23	4259907	4259908	1
1120	23	4489630	4489631	1
1121	23	4500471	4500472	1
1140	23	8384515	8384516	1
1123	23	4781139	4781140	1
1124	23	4950679	4950680	1
1125	23	5008974	5008975	1
1126	23	5123594	5123595	1
1127	23	5308036	5308037	1
1131	23	5755526	5755527	1
1133	23	6008370	6008371	1
1130	23	5606057	5606058	1
1134	23	6585364	6585365	1
1136	23	7317442	7317443	1
1150	23	10185760	10185761	1
1146	23	9320770	9320771	1
1151	23	10478656	10478657	1
1144	23	9045537	9045538	1
1145	23	9266459	9266460	1
1141	23	8441649	8441650	1
1174	24	8029508	8029509	2
1172	24	6964382	6964383	2
1176	24	8317804	8317805	2
1175	24	8082117	8082118	2
1178	24	8476060	8476061	2
1179	24	8899759	8899760	2
1180	24	8926166	8926167	2
1181	24	9188773	9188774	2
1182	24	9313227	9313228	2
1183	24	9603232	9603233	2
1185	24	10018273	10018274	2
1186	24	10242766	10242767	2
1169	24	5560543	5560544	1
1171	24	5748035	5748036	1
1163	24	3724305	3724306	1
1166	24	4507023	4507024	1
1168	24	4912727	4912728	1
1165	24	3960643	3960644	1
1159	24	1993422	1993423	1
1161	24	2778272	2778273	1
1157	24	1544372	1544373	1
1155	24	1077212	1077213	1
1152	24	729576	729577	1
1154	24	901995	901996	1
1190	25	749910	749911	2
1195	25	2562994	2562995	2
1196	25	2870705	2870706	2
1191	25	1230399	1230400	2
1192	25	1834354	1834355	2
1189	25	723131	723132	2
1193	25	1892237	1892238	2
1197	25	3261432	3261433	1
1198	25	3708523	3708524	1
1200	25	4311509	4311510	1
1199	25	4212726	4212727	1
1202	25	4790278	4790279	1
1201	25	4760004	4760005	1
1203	25	5037356	5037357	1
1204	25	5122817	5122818	1
1205	25	5236220	5236221	1
1207	25	6196554	6196555	1
1208	25	6238069	6238070	1
1206	25	6167428	6167429	1
1209	25	6648447	6648448	1
1210	25	6835531	6835532	1
1211	25	7118767	7118768	1
1213	25	7480239	7480240	1
1214	25	7529097	7529098	1
1212	25	7380952	7380953	1
1215	25	7984933	7984934	1
1219	25	9062788	9062789	1
1217	25	8295668	8295669	1
1220	25	9555646	9555647	1
1223	25	9792996	9792997	1
1224	25	10180820	10180821	1
1218	25	8846937	8846938	1
1221	25	9570434	9570435	1
1250	26	9034063	9034064	1
1252	26	9397085	9397086	1
1247	26	7864764	7864765	1
1251	26	9204916	9204917	1
1248	26	8077138	8077139	1
1244	26	6789438	6789439	1
1245	26	6877479	6877480	1
1242	26	6214946	6214947	1
1238	26	4437621	4437622	1
1241	26	6164506	6164507	1
1239	26	5603931	5603932	1
1234	26	3549724	3549725	1
1235	26	3582646	3582647	1
1237	26	3978586	3978587	1
1236	26	3923832	3923833	1
1233	26	2952967	2952968	1
1231	26	1840104	1840105	1
1229	26	1444148	1444149	1
1228	26	1311909	1311910	1
1232	26	1880306	1880307	1
1225	26	194397	194398	1
1230	26	1633987	1633988	1
1226	26	511513	511514	1
1265	27	2561340	2561341	1
1256	27	687736	687737	1
1257	27	940584	940585	1
1263	27	2276167	2276168	1
1277	27	6606984	6606985	1
1254	27	274781	274782	1
1268	27	2680383	2680384	1
1267	27	2627610	2627611	1
1259	27	1657685	1657686	1
1264	27	2549095	2549096	1
1258	27	1395025	1395026	1
1255	27	622291	622292	1
1261	27	2122522	2122523	1
1266	27	2581125	2581126	1
1269	27	3100095	3100096	1
1271	27	3951983	3951984	1
1272	27	4427656	4427657	1
1253	27	206974	206975	1
1270	27	3380762	3380763	1
1262	27	2194754	2194755	1
1276	27	6217198	6217199	1
1275	27	5862295	5862296	1
1274	27	5731851	5731852	1
1280	27	7799515	7799516	1
1283	27	9847337	9847338	1
1278	27	6625100	6625101	1
1279	27	7395760	7395761	1
1281	27	8166362	8166363	1
1282	27	9754189	9754190	1
1303	28	6493349	6493350	2
1304	28	6665783	6665784	2
1307	28	7100513	7100514	1
1315	28	9078700	9078701	1
1302	28	5773842	5773843	2
1308	28	7480719	7480720	1
1314	28	8598026	8598027	1
1310	28	8138673	8138674	1
1313	28	8427163	8427164	1
1306	28	7086846	7086847	1
1309	28	7505573	7505574	1
1305	28	6983519	6983520	1
1300	28	4880864	4880865	1
1301	28	5062145	5062146	1
1296	28	3675759	3675760	1
1299	28	4356138	4356139	1
1298	28	4020198	4020199	1
1297	28	3692095	3692096	1
1295	28	3660969	3660970	1
1293	28	3340878	3340879	1
1292	28	2563319	2563320	1
1289	28	2228286	2228287	1
1291	28	2434136	2434137	1
1288	28	1437463	1437464	1
1286	28	907542	907543	1
1287	28	1395081	1395082	1
1285	28	529886	529887	1
1325	29	3173403	3173404	2
1318	29	399068	399069	1
1319	29	586937	586938	1
1321	29	717523	717524	1
1322	29	1420537	1420538	1
1323	29	1840657	1840658	1
1329	29	5076244	5076245	1
1330	29	5256977	5256978	1
1336	29	7582963	7582964	1
1331	29	5644519	5644520	1
1334	29	6236147	6236148	1
1333	29	6187544	6187545	1
1339	29	7696899	7696900	1
1345	29	9016251	9016252	1
1338	29	7641164	7641165	1
1340	29	7912538	7912539	1
1341	29	7952129	7952130	1
1342	29	8074902	8074903	1
1343	29	8544288	8544289	1
1346	29	9085178	9085179	1
1335	29	7426898	7426899	1
1337	29	7624063	7624064	1
1383	30	7349110	7349111	1
1387	30	8815501	8815502	1
1385	30	8140986	8140987	1
1389	30	8971200	8971201	1
1384	30	8080891	8080892	1
1386	30	8386052	8386053	1
1381	30	6582971	6582972	1
1382	30	6924907	6924908	1
1379	30	5619905	5619906	1
1377	30	4912489	4912490	1
1378	30	5057374	5057375	1
1372	30	4322374	4322375	1
1374	30	4639515	4639516	1
1376	30	4845249	4845250	1
1371	30	4301505	4301506	1
1375	30	4680106	4680107	1
1370	30	3945073	3945074	1
1367	30	3721854	3721855	1
1369	30	3856214	3856215	1
1368	30	3761766	3761767	1
1365	30	2614994	2614995	1
1364	30	2537073	2537074	1
1366	30	3095448	3095449	1
1362	30	2155874	2155875	1
1360	30	1720370	1720371	1
1359	30	1657383	1657384	1
1352	30	650839	650840	1
1356	30	1066580	1066581	1
1355	30	941870	941871	1
1357	30	1188655	1188656	1
1361	30	2116752	2116753	1
1348	30	379393	379394	1
1351	30	594066	594067	1
1358	30	1441730	1441731	1
1347	30	305164	305165	1
1419	32	7835066	7835067	2
1420	32	8124584	8124585	2
1421	32	8402297	8402298	2
1413	32	6053825	6053826	2
1414	32	6336345	6336346	2
1423	32	8731218	8731219	2
1424	32	8768505	8768506	2
1409	32	4855284	4855285	1
1415	32	6694687	6694688	2
1416	32	6807767	6807768	2
1418	32	7132816	7132817	2
1417	32	7027293	7027294	2
1410	32	4872732	4872733	1
1407	32	4230709	4230710	1
1408	32	4474328	4474329	1
1406	32	3521902	3521903	1
1403	32	3078373	3078374	1
1400	32	2932040	2932041	1
1402	32	3054360	3054361	1
1404	32	3331861	3331862	1
1405	32	3373617	3373618	1
1398	32	2352719	2352720	1
1399	32	2753155	2753156	1
1397	32	2261749	2261750	1
1393	32	1241452	1241453	1
1394	32	1270365	1270366	1
1396	32	1905053	1905054	1
1391	32	277466	277467	1
1390	32	269002	269003	1
1392	32	977152	977153	1
1395	32	1403681	1403682	1
1427	31	281477	281478	1
1430	31	1655227	1655228	1
1431	31	1904661	1904662	1
1429	31	1537037	1537038	1
1434	31	4181905	4181906	1
1433	31	3381195	3381196	1
1436	31	4731080	4731081	1
1440	31	6780201	6780202	1
1437	31	6410321	6410322	1
1438	31	6425833	6425834	1
1439	31	6655054	6655055	1
1441	31	7045779	7045780	1
1444	31	7436697	7436698	1
1448	31	8698070	8698071	1
1447	31	8661454	8661455	1
1445	31	7981780	7981781	1
1469	33	7607826	7607827	1
1466	33	6880988	6880989	1
1467	33	6956130	6956131	1
1468	33	7381016	7381017	1
1464	33	5495181	5495182	1
1465	33	6579318	6579319	1
1463	33	5306893	5306894	1
1461	33	5174737	5174738	1
1462	33	5283966	5283967	1
1460	33	4650723	4650724	1
1459	33	3886263	3886264	1
1458	33	3515627	3515628	1
1457	33	2955744	2955745	1
1456	33	2880422	2880423	1
1453	33	1946696	1946697	1
1455	33	2402954	2402955	1
1451	33	1694374	1694375	1
1452	33	1796723	1796724	1
1449	33	71110	71111	1
1450	33	1650710	1650711	1
1470	34	387521	387522	1
1472	34	2112718	2112719	1
1473	34	2384790	2384791	1
1471	34	1892946	1892947	1
1474	34	2751826	2751827	1
1475	34	3078733	3078734	1
1479	34	3465145	3465146	1
1477	34	3273447	3273448	1
1481	34	4483716	4483717	1
1482	34	5488697	5488698	1
1486	34	6599749	6599750	1
1483	34	6031427	6031428	1
1484	34	6199747	6199748	1
1489	34	8037946	8037947	2
1493	34	8712810	8712811	2
1488	34	7746487	7746488	2
1485	34	6477166	6477167	1
1491	34	8439253	8439254	2
1487	34	6621404	6621405	1
1526	35	7036693	7036694	2
1521	35	5743302	5743303	2
1524	35	6794619	6794620	2
1528	35	8092876	8092877	2
1529	35	8359389	8359390	2
1519	35	5654722	5654723	2
1525	35	6974603	6974604	2
1527	35	7891822	7891823	2
1523	35	5786559	5786560	1
1518	35	5583695	5583696	1
1520	35	5684218	5684219	1
1522	35	5754865	5754866	1
1516	35	4938036	4938037	1
1513	35	4398287	4398288	1
1514	35	4596792	4596793	1
1511	35	4112346	4112347	1
1512	35	4241919	4241920	1
1517	35	5363538	5363539	1
1510	35	4013204	4013205	1
1507	35	3587255	3587256	1
1508	35	3637900	3637901	1
1506	35	3555437	3555438	1
1502	35	3043741	3043742	1
1503	35	3121555	3121556	1
1504	35	3179083	3179084	1
1505	35	3230862	3230863	1
1500	35	2550089	2550090	1
1495	35	631790	631791	1
1509	35	3827647	3827648	1
1498	35	2118544	2118545	1
1497	35	1288915	1288916	1
1496	35	789498	789499	1
1499	35	2375830	2375831	1
1494	35	89023	89024	1
1501	35	2624634	2624635	1
1548	36	6645615	6645616	1
1551	36	8000402	8000403	1
1550	36	7857422	7857423	1
1549	36	6838443	6838444	1
1544	36	4919510	4919511	1
1542	36	4761440	4761441	1
1546	36	5387343	5387344	1
1543	36	4789425	4789426	1
1545	36	4943562	4943563	1
1540	36	4359440	4359441	1
1541	36	4386526	4386527	1
1539	36	3894335	3894336	1
1538	36	3414031	3414032	1
1535	36	3110307	3110308	1
1531	36	649710	649711	2
1533	36	1535765	1535766	2
1534	36	1895768	1895769	2
1537	36	3343896	3343897	1
1532	36	770953	770954	2
1571	37	7291457	7291458	1
1572	37	7765965	7765966	1
1569	37	6418775	6418776	1
1570	37	6842342	6842343	1
1573	37	8026317	8026318	1
1574	37	8056351	8056352	1
1553	37	1102159	1102160	1
1564	37	4121948	4121949	1
1563	37	3943875	3943876	1
1558	37	3068053	3068054	1
1560	37	3187188	3187189	1
1559	37	3161931	3161932	1
1561	37	3272570	3272571	1
1554	37	1798315	1798316	1
1557	37	2823232	2823233	1
1555	37	1809776	1809777	1
1556	37	2796385	2796386	1
1552	37	77855	77856	1
1593	38	7200361	7200362	1
1591	38	6539097	6539098	1
1592	38	6611725	6611726	1
1590	38	6514098	6514099	1
1585	38	5359983	5359984	1
1586	38	5553668	5553669	1
1587	38	6037297	6037298	1
1588	38	6252844	6252845	1
1584	38	4780526	4780527	1
1589	38	6480117	6480118	1
1582	38	3745802	3745803	1
1581	38	3067894	3067895	1
1579	38	2426530	2426531	1
1577	38	1273609	1273610	1
1575	38	460345	460346	1
1610	39	3782468	3782469	2
1607	39	3578598	3578599	2
1608	39	3710386	3710387	2
1603	39	2747749	2747750	2
1604	39	3063435	3063436	2
1605	39	3300347	3300348	2
1611	39	3961832	3961833	2
1600	39	1463690	1463691	2
1602	39	2277563	2277564	2
1599	39	1326291	1326292	2
1598	39	1142846	1142847	2
1594	39	313966	313967	2
1596	39	835681	835682	2
1595	39	463954	463955	2
1612	39	4132561	4132562	1
1613	39	4719569	4719570	1
1614	39	4793816	4793817	1
1616	39	5518507	5518508	1
1617	39	5672521	5672522	1
1618	39	5983444	5983445	1
1619	39	6739894	6739895	1
1621	39	7305424	7305425	1
1620	39	6781024	6781025	1
1622	39	7463121	7463122	1
1647	40	7676321	7676322	1
1645	40	7336486	7336487	1
1648	40	7857464	7857465	1
1646	40	7441794	7441795	1
1643	40	6506451	6506452	1
1642	40	6191987	6191988	1
1641	40	6032398	6032399	1
1640	40	5495212	5495213	1
1644	40	7267651	7267652	1
1638	40	5058824	5058825	1
1639	40	5320461	5320462	1
1637	40	4926216	4926217	1
1635	40	4576848	4576849	1
1630	40	2524714	2524715	1
1626	40	1049706	1049707	1
1629	40	2047993	2047994	1
1623	40	630426	630427	1
1650	41	918102	918103	1
1651	41	1120335	1120336	1
1649	41	733896	733897	1
1654	41	2126474	2126475	1
1657	41	2568685	2568686	1
1652	41	1698004	1698005	1
1655	41	2156638	2156639	1
1659	41	2635994	2635995	1
1656	41	2278483	2278484	1
1660	41	2658312	2658313	1
1661	41	2776385	2776386	1
1662	41	2988612	2988613	1
1663	41	3228900	3228901	1
1666	41	3419988	3419989	1
1658	41	2591883	2591884	1
1664	41	3368993	3368994	1
1668	41	3684986	3684987	1
1669	41	3723893	3723894	1
1667	41	3650457	3650458	1
1670	41	4664986	4664987	1
1671	41	4772630	4772631	1
1672	41	5036435	5036436	1
1682	41	7570676	7570677	2
1681	41	7326709	7326710	2
1684	41	7637212	7637213	2
1673	41	5563269	5563270	1
1677	41	6929105	6929106	2
1679	41	7137804	7137805	2
1678	41	7024661	7024662	2
1675	41	5876349	5876350	2
1676	41	6440443	6440444	2
1705	42	6221265	6221266	1
1703	42	5854364	5854365	1
1704	42	5899732	5899733	1
1706	42	6407243	6407244	1
1702	42	5434843	5434844	1
1701	42	5402230	5402231	1
1700	42	4895024	4895025	1
1699	42	4719364	4719365	1
1698	42	4455098	4455099	1
1696	42	4242434	4242435	1
1697	42	4346027	4346028	1
1694	42	3117741	3117742	1
1693	42	2924232	2924233	1
1691	42	2427457	2427458	1
1692	42	2573060	2573061	1
1690	42	2245985	2245986	1
1689	42	1857105	1857106	1
1688	42	1009673	1009674	1
1685	42	400470	400471	1
1687	42	844066	844067	1
1708	43	478221	478222	1
1710	43	1234502	1234503	1
1707	43	329756	329757	1
1709	43	664858	664859	1
1711	43	1621375	1621376	1
1712	43	2552753	2552754	1
1713	43	3258668	3258669	1
1714	43	4082892	4082893	1
1716	43	4158271	4158272	1
1717	43	4647230	4647231	1
1718	43	4888862	4888863	1
1715	43	4122780	4122781	1
1719	43	5895347	5895348	1
1721	43	6089952	6089953	1
1723	44	13608	13609	1
1727	44	817638	817639	1
1735	44	3805212	3805213	1
1728	44	882580	882581	1
1726	44	712294	712295	1
1724	44	35508	35509	1
1729	44	1135238	1135239	1
1725	44	682933	682934	1
1730	44	2484496	2484497	1
1733	44	3365640	3365641	1
1734	44	3388949	3388950	1
1732	44	3324027	3324028	1
1738	44	4131473	4131474	1
1737	44	3956092	3956093	1
1740	44	4563969	4563970	1
1736	44	3897100	3897101	1
1739	44	4248498	4248499	1
1741	44	4797755	4797756	1
1746	44	6016215	6016216	1
1742	44	5548095	5548096	1
1745	44	5990909	5990910	1
1744	44	5937254	5937255	1
1747	44	6874299	6874300	1
1748	44	7186681	7186682	1
1749	44	7226114	7226115	1
1750	44	7287400	7287401	1
1751	45	500269	500270	1
1753	45	1290245	1290246	1
1754	45	1995736	1995737	1
1761	45	2890567	2890568	1
1756	45	2190604	2190605	1
1755	45	2057679	2057680	1
1757	45	2421115	2421116	1
1758	45	2516835	2516836	1
1760	45	2848034	2848035	1
1759	45	2641292	2641293	1
1762	45	3276100	3276101	1
1763	45	3763009	3763010	1
1765	45	4231378	4231379	1
1770	45	5505378	5505379	2
1764	45	4107709	4107710	1
1769	45	5290189	5290190	2
1766	45	4453456	4453457	1
1767	45	4656242	4656243	1
1768	45	4978130	4978131	2
1775	45	7097521	7097522	1
1772	45	6461088	6461089	1
1774	45	6966551	6966552	1
1771	45	6092161	6092162	1
1773	45	6477520	6477521	1
1777	46	804441	804442	1
1779	46	1976731	1976732	1
1783	46	3910028	3910029	1
1780	46	2565971	2565972	1
1782	46	3852028	3852029	1
1786	46	4728289	4728290	1
1784	46	4621407	4621408	1
1788	46	6192347	6192348	1
1789	46	6566758	6566759	1
1787	46	5622024	5622025	1
1801	47	2945631	2945632	2
1805	47	4179290	4179291	2
1808	47	4938565	4938566	2
1806	47	4547626	4547627	2
1813	47	6125853	6125854	1
1810	47	5689794	5689795	1
1812	47	6081736	6081737	1
1814	47	6153748	6153749	1
1811	47	5969091	5969092	1
1815	47	6583500	6583501	1
1807	47	4727937	4727938	1
1809	47	5440663	5440664	1
1804	47	4096095	4096096	1
1803	47	3435834	3435835	1
1802	47	3217096	3217097	1
1800	47	2751258	2751259	1
1797	47	2332257	2332258	1
1799	47	2736861	2736862	1
1798	47	2509178	2509179	1
1792	47	793759	793760	2
1790	47	329547	329548	2
1794	47	1512203	1512204	2
1795	47	1611911	1611912	2
1793	47	1302394	1302395	2
1796	47	1743597	1743598	2
1834	48	6121349	6121350	1
1833	48	5936368	5936369	1
1836	48	6535212	6535213	1
1835	48	6383775	6383776	1
1832	48	5887856	5887857	1
1830	48	4479712	4479713	1
1823	48	3236715	3236716	1
1825	48	3826865	3826866	1
1826	48	3863157	3863158	1
1824	48	3488128	3488129	1
1827	48	3910741	3910742	1
1822	48	2798280	2798281	1
1831	48	4600277	4600278	1
1820	48	2340658	2340659	1
1817	48	1453740	1453741	1
1819	48	2119110	2119111	1
1816	48	1246520	1246521	1
1818	48	2040050	2040051	1
1821	48	2373550	2373551	1
1839	49	489169	489170	1
1837	49	347317	347318	1
1838	49	395850	395851	1
1843	49	1641965	1641966	1
1840	49	677201	677202	1
1841	49	763488	763489	1
1846	49	3379608	3379609	1
1848	49	4605721	4605722	1
1850	49	5066901	5066902	1
1851	49	5579361	5579362	1
1864	50	2069208	2069209	1
1852	50	108564	108565	1
1858	50	1395291	1395292	1
1853	50	154685	154686	1
1863	50	2023126	2023127	1
1855	50	219990	219991	1
1856	50	417452	417453	1
1859	50	1473766	1473767	1
1860	50	1581123	1581124	1
1854	50	196756	196757	1
1862	50	1873379	1873380	1
1857	50	811676	811677	1
1868	50	2922646	2922647	1
1866	50	2505462	2505463	1
1865	50	2437646	2437647	1
1861	50	1601841	1601842	1
1867	50	2832315	2832316	1
1870	50	3612963	3612964	1
1869	50	3419292	3419293	1
1871	50	3633749	3633750	1
1872	50	4321627	4321628	1
1874	50	4724559	4724560	1
1875	50	4834434	4834435	1
1878	50	5686108	5686109	1
1876	50	4954306	4954307	1
1877	50	5673142	5673143	1
1873	50	4500623	4500624	1
1880	50	6354064	6354065	1
1882	51	467269	467270	1
1885	51	863798	863799	1
1884	51	698894	698895	1
1887	51	1774349	1774350	1
1883	51	629621	629622	1
1888	51	1861140	1861141	1
1886	51	1380006	1380007	1
1889	51	2617880	2617881	1
1890	51	2661346	2661347	1
1891	51	3626735	3626736	1
1893	51	4094023	4094024	1
1895	51	5395204	5395205	1
1894	51	4574106	4574107	1
1896	51	5469420	5469421	1
1916	52	5226059	5226060	1
1918	52	5545079	5545080	1
1919	52	5895485	5895486	1
1921	52	6003238	6003239	1
1917	52	5459166	5459167	1
1914	52	4393639	4393640	1
1913	52	4313303	4313304	1
1899	52	460974	460975	2
1898	52	274238	274239	2
1900	52	477296	477297	2
1902	52	736118	736119	2
1901	52	574233	574234	2
1903	52	977623	977624	2
1905	52	1328819	1328820	2
1904	52	1220261	1220262	2
1907	52	1960947	1960948	2
1908	52	2508598	2508599	2
1909	52	2594105	2594106	2
1912	52	3117463	3117464	2
1911	52	2898361	2898362	2
1910	52	2866908	2866909	2
