3 7065805
3 7555975
3 7888164
3 8018285
3 9922294
3 9951921
3 9974538
3 10597424
3 10790981
3 10832162
3 11185469
3 11847877
3 12447467
3 12463250
3 12877947
3 13158758
3 13209194
3 13574752
3 13648381
3 14533982
4 96681
4 1423090
4 1858225
4 2564143
5 109690
5 6777863
5 6808475
5 7360431
5 8172998
5 14387610
6 9048876
6 12669456
6 12902375
6 13123546
6 13195766
6 13258325
6 13658413
6 14395165
6 14685476
6 14708637
8 129641
8 295758
8 943657
8 1001891
8 2124056
8 2412205
8 2535569
8 2971186
8 3152553
8 3371504
8 3603105
8 3687162
8 4197114
8 4386405
10 1305491
10 1496959
10 1849939
10 1907139
10 1933833
10 2121268
10 2131552
10 2277980
10 2418387
10 2594495
10 2935663
10 6570344
10 6847559
10 7000545
10 7244062
10 7316701
10 7514530
10 7754839
10 7846134
10 7933835
11 846338
11 933811
11 1180990
11 1222654
11 1406053
12 4073262
12 4114481
12 4338387
12 4537720
12 4923410
12 4961436
13 120941
13 678582
13 769041
13 946041
14 434055
14 609355
14 1011897
14 1133329
14 1279593
14 1799529
14 2184191
14 2313592
14 2607071
14 2633268
14 2743286
17 513856
17 777841
17 1157177
17 1185273
17 1313632
17 1370709
17 1964849
17 2178547
17 2216824
17 2514842
17 2723273
17 2747537
17 9581614
17 10211811
17 10364405
17 10895067
18 11096930
18 11366871
18 11830502
19 9945589
19 10885735
19 11033868
19 11163491
19 11357685
19 11370778
19 11679988
20 613781
20 702395
20 1034114
20 1748406
20 2208376
20 2233051
20 2856733
20 3016205
20 3060107
20 7228002
20 7678404
20 7946851
20 11631811
21 99872
21 203548
21 546963
21 669090
21 810747
21 949071
21 963060
21 1110932
21 1587298
21 1724722
21 1739383
21 2227590
21 2718346
21 2733029
22 1032725
22 1261505
22 1558426
22 1573720
22 1691059
22 1729610
22 1985305
22 2287027
22 2602682
23 3179859
23 3205009
23 3363531
23 3486185
23 3652023
23 3812310
24 6964382
24 8029508
24 8082117
24 8317804
24 8476060
24 8899759
24 8926166
24 9188773
24 9313227
24 9603232
24 10018273
24 10242766
25 723131
25 749910
25 1230399
25 1834354
25 1892237
25 2562994
25 2870705
28 5773842
28 6493349
28 6665783
29 3173403
31 6053825
31 6336345
31 6694687
31 6807767
31 7027293
31 7132816
31 7835066
31 8124584
31 8402297
31 8731218
31 8768505
34 7746487
34 8037946
34 8439253
34 8712810
35 5654722
35 5743302
35 6794619
35 6974603
35 7036693
35 7891822
35 8092876
35 8359389
36 649710
36 770953
36 1535765
36 1895768
39 313966
39 463954
39 835681
39 1142846
39 1326291
39 1463690
39 2277563
39 2747749
39 3063435
39 3300347
39 3578598
39 3710386
39 3782468
39 3961832
41 5876349
41 6440443
41 6929105
41 7024661
41 7137804
41 7326709
41 7570676
41 7637212
45 4978130
45 5290189
45 5505378
47 329547
47 793759
47 1302394
47 1512203
47 1611911
47 1743597
47 2945631
47 4179290
47 4547626
47 4938565
52 274238
52 460974
52 477296
52 574233
52 736118
52 977623
52 1220261
52 1328819
52 1831343
52 1960947
52 2508598
52 2594105
52 2866908
52 2898361
52 3117463
